1203.25 73.0
1203.25 73.0
1205.25 73.0
1204.75 73.0
1205.25 73.0
1204.75 75.0
1205.25 73.0
1206.25 73.0
1206.25 73.0
1206.25 73.0
1206.25 73.0
1206.25 73.0
1206.25 73.0
1206.25 73.0
1206.25 73.0
1206.25 73.0
1206.25 73.0
1206.25 73.0
1206.25 73.0
1206.25 73.0
1206.25 73.0
1206.25 73.0
1206.25 73.0
1206.25 73.0
1206.25 73.0
1206.25 73.0
1206.25 73.0
1206.25 73.0
1206.25 73.0
1206.25 73.0
1206.25 73.0
1206.25 73.0
1206.25 73.0
1206.25 73.0
1206.25 73.0
1206.25 73.0
1206.25 73.0
1206.25 73.0
1206.25 73.0
1206.25 73.0
1206.25 73.0
1206.25 73.0
1206.25 73.0
1206.25 73.0
1206.25 73.0
1206.25 73.0
1206.25 73.0
1206.25 73.0
1206.25 73.0
1206.25 73.0
1206.25 73.0
1206.25 73.0
1206.25 73.0
1206.25 73.0
1206.25 73.0
1206.25 73.0
1206.25 73.0
1206.25 73.0
1206.25 73.0
1206.25 73.0
1206.25 73.0
1206.25 73.0
1206.25 73.0
1206.25 73.0
1206.25 73.0
1206.25 73.0
1206.25 73.0
1206.25 73.0
1206.25 73.0
1206.25 73.0
1206.25 73.0
1206.25 73.0
1206.25 73.0
1206.25 73.0
1206.25 73.0
1206.25 73.0
1206.25 73.0
1204.75 73.0
1205.75 73.0
1204.75 73.0
1205.75 73.0
1204.75 73.0
1205.75 73.0
1204.75 73.0
1205.75 73.0
1204.75 73.0
1205.75 73.0
1204.75 73.0
1205.75 73.0
1204.75 73.0
1205.75 73.0
1204.25 73.0
1204.75 73.0
1204.25 73.0
1204.25 73.0
1203.75 73.0
1204.25 73.0
1203.75 73.0
1203.75 73.0
1203.75 73.0
1203.75 73.0
1203.75 73.0
1203.75 73.0
1203.75 73.0
1203.75 73.0
1203.75 73.0
1203.75 73.0
1203.75 73.0
1203.75 73.0
1203.75 73.0
1203.75 73.0
1203.75 73.0
1203.75 73.0
1203.75 73.0
1203.75 73.0
1205.75 73.0
1208.25 73.0
1215.75 72.5
1223.75 73.0
1233.75 73.0
1243.75 73.0
1255.75 73.0
1267.75 73.0
1277.75 73.0
1285.75 73.0
1292.25 73.0
1299.75 73.0
1301.75 73.0
1300.25 73.0
1299.75 73.0
1295.75 73.0
1289.75 73.0
1280.75 73.0
1272.25 73.0
1262.25 73.0
1249.25 73.0
1238.75 73.0
1226.25 73.0
1214.75 73.0
1204.25 73.0
1195.25 73.0
1187.75 73.0
1181.75 73.0
1178.25 73.0
1176.75 73.0
1178.25 73.0
1180.75 73.0
1185.75 73.0
1190.75 73.0
1198.75 73.0
1206.75 73.0
1214.75 73.0
1223.25 73.0
1230.75 73.0
1238.75 73.0
1244.25 73.0
1248.75 73.0
1251.25 73.0
1251.75 73.0
1250.25 73.0
1246.75 73.0
1243.25 73.0
1238.75 73.0
1232.75 73.0
1225.75 73.0
1216.75 73.0
1209.75 73.0
1200.75 73.0
1194.25 73.0
1186.75 73.0
1181.25 73.0
1177.25 73.0
1173.25 73.0
1171.25 73.0
1171.25 73.0
1171.75 73.0
1173.25 73.0
1177.25 73.0
1181.25 73.0
1185.75 73.0
1190.75 73.0
1195.75 73.0
1201.25 73.0
1205.75 73.0
1209.75 73.0
1213.25 73.0
1216.75 73.0
1219.25 73.0
1219.25 73.0
1219.25 73.0
1217.25 73.0
1214.75 73.0
1211.75 73.0
1208.75 73.0
1204.75 73.0
1201.25 73.0
1196.75 73.0
1193.25 73.0
1189.25 73.0
1185.25 73.0
1183.25 73.0
1181.75 73.0
1181.25 73.0
1180.75 73.0
1181.25 73.0
1181.75 73.0
1182.75 73.0
1184.75 73.0
1187.75 73.0
1190.25 73.0
1192.25 73.0
1195.25 73.0
1197.25 73.0
1198.75 73.0
1200.75 73.0
1203.25 73.0
1204.25 73.0
1205.25 73.0
1204.75 73.0
1205.25 73.0
1203.75 73.0
1203.75 73.0
1203.25 73.0
1201.75 73.0
1200.25 73.0
1199.75 73.0
1199.75 73.0
1197.75 73.0
1196.25 73.0
1197.75 73.0
1196.25 73.0
1197.75 73.0
1196.25 73.0
1197.75 73.0
1196.25 73.0
1197.75 73.0
1196.25 73.0
1197.75 73.0
1196.25 73.0
1197.75 73.0
1196.25 73.0
1197.75 73.0
1196.25 73.0
1197.75 73.0
1196.25 73.0
1197.75 73.0
1196.25 73.0
1197.75 73.0
1196.25 73.0
1197.75 73.0
1196.25 73.0
1197.75 73.0
1196.25 73.0
1197.75 73.0
1196.25 73.0
1197.75 73.0
1196.25 73.0
1197.75 73.0
1196.25 73.0
1197.75 73.0
1196.25 73.0
1197.75 73.0
1196.25 73.0
1197.75 73.0
1196.25 73.0
1197.75 73.0
1196.25 73.0
1197.75 73.0
1196.25 73.0
1197.75 73.0
1196.25 73.0
1197.75 73.0
1196.25 73.0
1197.75 73.0
1196.25 73.0
1197.75 73.0
1196.25 73.0
1197.75 73.0
1196.25 73.0
1197.75 73.0
1196.25 73.0
1197.75 73.0
1196.25 73.0
1197.75 73.0
1196.25 73.0
1197.75 73.0
1196.25 73.0
1197.75 73.0
1196.25 73.0
1197.75 73.0
1196.25 73.0
1197.75 73.0
1196.25 73.0
1197.75 73.0
1196.25 73.0
1197.75 73.0
1196.25 73.0
1197.75 73.0
1196.25 73.0
1197.75 73.0
1196.25 73.0
1197.75 73.0
1196.25 73.0
1197.75 73.0
1196.25 73.0
1197.75 73.0
1196.25 73.0
1197.75 73.0
1196.25 73.0
1197.75 73.0
1196.25 73.0
1197.75 73.0
1196.25 73.0
1197.75 73.0
1196.25 73.0
1197.75 73.0
1196.25 73.0
1197.75 73.0
1196.25 73.0
1197.75 73.0
1196.25 73.0
1197.75 73.0
1196.25 73.0
1197.75 73.0
1196.25 73.0
1197.75 73.0
1196.25 73.0
1197.75 73.0
1196.25 73.0
1197.75 73.0
1196.25 73.0
1197.75 73.0
1196.25 73.0
1197.75 73.0
1196.25 73.0
1197.75 73.0
1196.25 73.0
1197.75 73.0
1196.25 73.0
1197.75 73.0
1196.25 73.0
1197.75 73.0
1196.25 73.0
1197.75 73.0
1196.25 73.0
1197.75 73.0
1196.25 73.0
1197.75 73.0
1196.25 73.0
1197.75 73.0
1196.25 73.0
1197.75 73.0
1196.25 73.0
1197.75 73.0
1196.25 73.0
1197.75 73.0
1196.25 73.0
1197.75 73.0
1196.25 73.0
1197.75 73.0
1196.25 73.0
1197.75 73.0
1196.25 73.0
1197.75 73.0
1196.25 73.0
1197.75 73.0
1196.25 73.0
1197.75 73.0
1196.25 73.0
1197.75 73.0
1196.25 73.0
1197.75 73.0
1196.25 73.0
1197.75 73.0
1196.25 73.0
1197.75 73.0
1196.25 73.0
1197.75 73.0
1196.25 73.0
1197.75 73.0
1196.25 73.0
1197.75 73.0
1196.25 73.0
1197.75 73.0
1196.25 73.0
1197.75 73.0
1196.25 73.0
1197.75 73.0
1196.25 73.0
1197.75 73.0
1196.25 73.0
1197.75 73.0
1196.25 73.0
1197.75 73.0
1196.25 73.0
1197.75 73.0
1196.25 73.0
1197.75 73.0
1196.25 73.0
1197.75 73.0
1196.25 73.0
1197.75 73.0
1196.25 73.0
1197.75 73.0
1196.25 73.0
1197.75 73.0
1196.25 73.0
1197.75 73.0
1196.25 73.0
1197.75 73.0
1196.25 73.0
1197.75 73.0
1196.25 73.0
1197.75 73.0
1196.25 73.0
1197.75 73.0
1196.25 73.0
1197.75 73.0
1196.25 73.0
1197.75 73.0
1196.25 73.0
1197.75 73.0
1196.25 73.0
1197.75 73.0
1196.25 73.0
1197.75 73.0
1196.25 73.0
1197.75 73.0
1196.25 73.0
1197.75 73.0
1196.25 73.0
1197.75 73.0
1196.25 73.0
1197.75 73.0
1196.25 73.0
1197.75 73.0
1196.25 73.0
1197.75 73.0
1196.25 73.0
1197.75 73.0
1196.25 73.0
1197.75 73.0
1196.25 73.0
1197.75 73.0
1196.25 73.0
1197.75 73.0
1196.25 73.0
1197.75 73.0
1196.25 73.0
1197.75 73.0
1196.25 73.0
1197.75 73.0
1196.25 73.0
1197.75 73.0
1196.25 73.0
1197.75 73.0
1196.25 73.0
1197.75 73.0
1196.25 73.0
1197.75 73.0
1196.25 73.0
1197.75 73.0
1196.25 73.0
1197.75 73.0
1196.25 73.0
1197.75 73.0
1196.25 73.0
1197.75 73.0
1196.25 73.0
1197.75 73.0
1196.25 73.0
1197.75 73.0
1196.25 73.0
1197.75 73.0
1196.25 73.0
1197.75 73.0
1196.25 73.0
1197.75 73.0
1196.25 73.0
1197.75 73.0
1196.25 73.0
1197.75 73.0
1196.25 73.0
1197.75 73.0
1196.25 73.0
1197.75 73.0
1196.25 73.0
1197.75 73.0
1196.25 73.0
1197.75 73.0
1196.25 73.0
1197.75 73.0
1196.25 73.0
1197.75 73.0
1196.25 73.0
1197.75 73.0
1196.25 73.0
1197.75 73.0
1196.25 73.0
1197.75 73.0
1196.25 73.0
1197.75 73.0
1196.25 73.0
1197.75 73.0
1196.25 73.0
1197.75 73.0
1196.25 73.0
1197.75 73.0
1196.25 73.0
1197.75 73.0
1196.25 73.0
1197.75 73.0
1196.25 73.0
1197.75 73.0
1196.25 73.0
1197.75 73.0
1196.25 73.0
1197.75 73.0
1196.25 73.0
1197.75 73.0
1196.25 73.0
1197.75 73.0
1196.25 73.0
1197.75 73.0
1196.25 73.0
1197.75 73.0
1196.25 73.0
1197.75 73.0
1196.25 73.0
1197.75 73.0
1196.25 73.0
1197.75 73.0
1196.25 73.0
1197.75 73.0
1196.25 73.0
1197.75 73.0
1196.25 73.0
1197.75 73.0
1196.25 73.0
1197.75 73.0
1196.25 73.0
1197.75 73.0
1196.25 73.0
1197.75 73.0
1196.25 73.0
1197.75 73.0
1196.25 73.0
1197.75 73.0
1196.25 73.0
1197.75 73.0
1196.25 73.0
1197.75 73.0
1196.25 73.0
1197.75 73.0
1196.25 73.0
1197.75 73.0
1196.25 73.0
1197.75 73.0
1196.25 73.0
1197.75 73.0
1196.25 73.0
1197.75 73.0
1196.25 73.0
1197.75 73.0
1196.25 73.0
1197.75 73.0
1196.25 73.0
1197.75 73.0
1196.25 73.0
1197.75 73.0
1196.25 73.0
1197.75 73.0
1196.25 73.0
1197.75 73.0
1196.25 73.0
1197.75 73.0
1196.25 73.0
1197.75 73.0
1196.25 73.0
1197.75 73.0
1196.25 73.0
1197.75 73.0
1196.25 73.0
1197.75 73.0
1196.25 73.0
1197.75 73.0
1196.25 73.0
1197.75 73.0
1196.25 73.0
1197.75 73.0
1196.25 73.0
1197.75 73.0
1196.25 73.0
1197.75 73.0
1196.25 73.0
1197.75 73.0
1196.25 73.0
1197.75 73.0
1196.25 73.0
1197.75 73.0
1196.25 73.0
1197.75 73.0
1196.25 73.0
1197.75 73.0
1196.25 73.0
1197.75 73.0
1196.25 73.0
1197.75 73.0
1196.25 73.0
1197.75 73.0
1196.25 73.0
1197.75 73.0
1196.25 73.0
1197.75 73.0
1196.25 73.0
1197.75 73.0
1196.25 73.0
1197.75 73.0
1196.25 73.0
1197.75 73.0
1196.25 73.0
1197.75 73.0
1196.25 73.0
1197.75 73.0
1196.25 73.0
1197.75 73.0
1196.25 73.0
1197.75 73.0
1196.25 73.0
1197.75 73.0
1196.25 73.0
1197.75 73.0
1196.25 73.0
1197.75 73.0
1196.25 73.0
1197.75 73.0
1196.25 73.0
1197.75 73.0
1196.25 73.0
1197.75 73.0
1196.25 73.0
1197.75 73.0
1196.25 73.0
1197.75 73.0
1196.25 73.0
1197.75 73.0
1196.25 73.0
1197.75 73.0
1196.25 73.0
1197.75 73.0
1196.25 73.0
1197.75 73.0
1196.25 73.0
1197.75 73.0
1196.25 73.0
1197.75 73.0
1196.25 73.0
1197.75 73.0
1196.25 73.0
1197.75 73.0
1196.25 73.0
1197.75 73.0
1196.25 73.0
1197.75 73.0
1196.25 73.0
1197.75 73.0
1196.25 73.0
1197.75 73.0
1196.25 73.0
1197.75 73.0
1196.25 73.0
1197.75 73.0
1196.25 73.0
1197.75 73.0
1196.25 73.0
1197.75 73.0
1196.25 73.0
1197.75 73.0
1196.25 73.0
1197.75 73.0
1196.25 73.0
1197.75 73.0
1196.25 73.0
1197.75 73.0
1196.25 73.0
1197.75 73.0
1196.25 73.0
1197.75 73.0
1196.25 73.0
1197.75 73.0
1196.25 73.0
1197.75 73.0
1196.25 73.0
1197.75 73.0
1196.25 73.0
1197.75 73.0
1196.25 73.0
1197.75 73.0
1196.25 73.0
1197.75 73.0
1196.25 73.0
1197.75 73.0
1196.25 73.0
1197.75 73.0
1196.25 73.0
1197.75 73.0
1196.25 73.0
1197.75 73.0
1196.25 73.0
1197.75 73.0
1196.25 73.0
1197.75 73.0
1196.25 73.0
1197.75 73.0
1196.25 73.0
1197.75 73.0
1196.25 73.0
1197.75 73.0
1196.25 73.0
1197.75 73.0
1196.25 73.0
1197.75 73.0
1196.25 73.0
1197.75 73.0
1196.25 73.0
1197.75 73.0
1196.25 73.0
1197.75 73.0
1196.25 73.0
1197.75 73.0
1196.25 73.0
1197.75 73.0
1196.25 73.0
1197.75 73.0
1196.25 73.0
1197.75 73.0
1196.25 73.0
1197.75 73.0
1196.25 73.0
1197.75 73.0
1196.25 73.0
1197.75 73.0
1196.25 73.0
1197.75 73.0
1196.25 73.0
1197.75 73.0
1196.25 73.0
1197.75 73.0
1196.25 73.0
1197.75 73.0
1196.25 73.0
1197.75 73.0
1196.25 73.0
1197.75 73.0
1196.25 73.0
1197.75 73.0
1196.25 73.0
1197.75 73.0
1196.25 73.0
1197.75 73.0
1196.25 73.0
1197.75 73.0
1196.25 73.0
1197.75 73.0
1196.25 73.0
1197.75 73.0
1196.25 73.0
1197.75 73.0
1196.25 73.0
1197.75 73.0
1196.25 73.0
1197.75 73.0
1196.25 73.0
1197.75 73.0
1196.25 73.0
1197.75 73.0
1196.25 73.0
1197.75 73.0
1196.25 73.0
1197.75 73.0
1196.25 73.0
1197.75 73.0
1196.25 73.0
1197.75 73.0
1196.25 73.0
1197.75 73.0
1196.25 73.0
1197.75 73.0
1196.25 73.0
1197.75 73.0
1196.25 73.0
1197.75 73.0
1196.25 73.0
1197.75 73.0
1196.25 73.0
1197.75 73.0
1196.25 73.0
1197.75 73.0
1196.25 73.0
1197.75 73.0
1196.25 73.0
1197.75 73.0
1196.25 73.0
1197.75 73.0
1196.25 73.0
1197.75 73.0
1196.25 73.0
1197.75 73.0
1196.25 73.0
1197.75 73.0
1196.25 73.0
1197.75 73.0
1196.25 73.0
1197.75 73.0
1196.25 73.0
1197.75 73.0
1196.25 73.0
1197.75 73.0
1196.25 73.0
1197.75 73.0
1196.25 73.0
1197.75 73.0
1196.25 73.0
1197.75 73.0
1196.25 73.0
1197.75 73.0
1196.25 73.0
1197.75 73.0
1196.25 73.0
1197.75 73.0
1196.25 73.0
1197.75 73.0
1196.25 73.0
1197.75 73.0
1196.25 73.0
1197.75 73.0
1196.25 73.0
1197.75 73.0
1196.25 73.0
1197.75 73.0
1196.25 73.0
1197.75 73.0
1196.25 73.0
1197.75 73.0
1196.25 73.0
1197.75 73.0
1196.25 73.0
1197.75 73.0
1196.25 73.0
1197.75 73.0
1196.25 73.0
1197.75 73.0
1196.25 73.0
1197.75 73.0
1196.25 73.0
1197.75 73.0
1196.25 73.0
1197.75 73.0
1196.25 73.0
1197.75 73.0
1196.25 73.0
1197.75 73.0
1196.25 73.0
1197.75 73.0
1196.25 73.0
1197.75 73.0
1196.25 73.0
1197.75 73.0
1196.25 73.0
1197.75 73.0
1196.25 73.0
1197.75 73.0
1196.25 73.0
1197.75 73.0
1196.25 73.0
1197.75 73.0
1196.25 73.0
1197.75 73.0
1196.25 73.0
1197.75 73.0
1196.25 73.0
1197.75 73.0
1196.25 73.0
1197.75 73.0
1196.25 73.0
1197.75 73.0
1196.25 73.0
1197.75 73.0
1196.25 73.0
1197.75 73.0
1196.25 73.0
1197.75 73.0
1196.25 73.0
1197.75 73.0
1196.25 73.0
1197.75 73.0
1196.25 73.0
1197.75 73.0
1196.25 73.0
1197.75 73.0
1196.25 73.0
1197.75 73.0
1196.25 73.0
1197.75 73.0
1196.25 73.0
1197.75 73.0
1196.25 73.0
1197.75 73.0
1196.25 73.0
1197.75 73.0
1196.25 73.0
1197.75 73.0
1196.25 73.0
1197.75 73.0
1196.25 73.0
1197.75 73.0
1196.25 73.0
1197.75 73.0
1196.25 73.0
1197.75 73.0
1196.25 73.0
1197.75 73.0
1196.25 73.0
1197.75 73.0
1196.25 73.0
1197.75 73.0
1196.25 73.0
1197.75 73.0
1196.25 73.0
1197.75 73.0
1196.25 73.0
1197.75 73.0
1196.25 73.0
1197.75 73.0
1196.25 73.0
1197.75 73.0
1196.25 73.0
1197.75 73.0
1196.25 73.0
1197.75 73.0
1196.25 73.0
1197.75 73.0
1196.25 73.0
1197.75 73.0
1196.25 73.0
1197.75 73.0
1196.25 73.0
1197.75 73.0
1196.25 73.0
1197.75 73.0
1196.25 73.0
1197.75 73.0
1196.25 73.0
1197.75 73.0
1196.25 73.0
1197.75 73.0
1196.25 73.0
1197.75 73.0
1196.25 73.0
1197.75 73.0
1196.25 73.0
1197.75 73.0
1196.25 73.0
1197.75 73.0
1196.25 73.0
1197.75 73.0
1196.25 73.0
1197.75 73.0
1196.25 73.0
1197.75 73.0
1196.25 73.0
1197.75 73.0
1196.25 73.0
1197.75 73.0
1196.25 73.0
1197.75 73.0
1196.25 73.0
1197.75 73.0
1196.25 73.0
1197.75 73.0
1196.25 73.0
1197.75 73.0
1196.25 73.0
1197.75 73.0
1196.25 73.0
1197.75 73.0
1196.25 73.0
1197.75 73.0
1196.25 73.0
1197.75 73.0
1196.25 73.0
1197.75 73.0
1196.25 73.0
1197.75 73.0
1196.25 73.0
1197.75 73.0
1196.25 73.0
1197.75 73.0
1196.25 73.0
1197.75 73.0
1196.25 73.0
1197.75 73.0
1196.25 73.0
1197.75 73.0
1196.25 73.0
1197.75 73.0
1196.25 73.0
1197.75 73.0
1196.25 73.0
1197.75 73.0
1196.25 73.0
1197.75 73.0
1196.25 73.0
1197.75 73.0
1196.25 73.0
1197.75 73.0
1196.25 73.0
1197.75 73.0
1196.25 73.0
1197.75 73.0
1196.25 73.0
1197.75 73.0
1196.25 73.0
1197.75 73.0
1196.25 73.0
1197.75 73.0
1196.25 73.0
1197.75 73.0
1196.25 73.0
1197.75 73.0
1196.25 73.0
1197.75 73.0
1196.25 73.0
1197.75 73.0
1196.25 73.0
1197.75 73.0
1196.25 73.0
1197.75 73.0
1196.25 73.0
1197.75 73.0
1196.25 73.0
1197.75 73.0
1196.25 73.0
1197.75 73.0
1196.25 73.0
1197.75 73.0
1196.25 73.0
1197.75 73.0
1196.25 73.0
1197.75 73.0
1196.25 73.0
1197.75 73.0
1196.25 73.0
1197.75 73.0
1196.25 73.0
1197.75 73.0
1196.25 73.0
1197.75 73.0
1196.25 73.0
1197.75 73.0
1196.25 73.0
1197.75 73.0
1196.25 73.0
1197.75 73.0
1196.25 73.0
1197.75 73.0
1196.25 73.0
1197.75 73.0
1196.25 73.0
1197.75 73.0
1196.25 73.0
1197.75 73.0
1196.25 73.0
1197.75 73.0
1196.25 73.0
1197.75 73.0
1196.25 73.0
1197.75 73.0
1196.25 73.0
1197.75 73.0
1196.25 73.0
1197.75 73.0
1196.25 73.0
1197.75 73.0
1196.25 73.0
1197.75 73.0
1196.25 73.0
1197.75 73.0
1196.25 73.0
1197.75 73.0
1196.25 73.0
1197.75 73.0
1196.25 73.0
1197.75 73.0
1196.25 73.0
1197.75 73.0
1196.25 73.0
1197.75 73.0
1196.25 73.0
1197.75 73.0
1196.25 73.0
1197.75 73.0
1196.25 73.0
1197.75 73.0
1196.25 73.0
1197.75 73.0
1196.25 73.0
1197.75 73.0
1196.25 73.0
1197.75 73.0
1196.25 73.0
1197.75 73.0
1196.25 73.0
1197.75 73.0
1196.25 73.0
1197.75 73.0
1196.25 73.0
1197.75 73.0
1196.25 73.0
1197.75 73.0
1196.25 73.0
1197.75 73.0
1196.25 73.0
1197.75 73.0
1196.25 73.0
1197.75 73.0
1196.25 73.0
1197.75 73.0
1196.25 73.0
1197.75 73.0
1196.25 73.0
1197.75 73.0
1196.25 73.0
1197.75 73.0
1196.25 73.0
1197.75 73.0
1196.25 73.0
1197.75 73.0
1196.25 73.0
1197.75 73.0
1196.25 73.0
1197.75 73.0
1196.25 73.0
1197.75 73.0
1196.25 73.0
1197.75 73.0
1196.25 73.0
1197.75 73.0
1196.25 73.0
1197.75 73.0
1196.25 73.0
1197.75 73.0
1196.25 73.0
1197.75 73.0
1196.25 73.0
1197.75 73.0
1196.25 73.0
1197.75 73.0
1196.25 73.0
1197.75 73.0
1196.25 73.0
1197.75 73.0
1196.25 73.0
1197.75 73.0
1196.25 73.0
1197.75 73.0
1196.25 73.0
1197.75 73.0
1196.25 73.0
1197.75 73.0
1196.25 73.0
1197.75 73.0
1196.25 73.0
1197.75 73.0
1196.25 73.0
1197.75 73.0
1196.25 73.0
1197.75 73.0
1196.25 73.0
1197.75 73.0
1196.25 73.0
1197.75 73.0
1196.25 73.0
1197.75 73.0
1196.25 73.0
1197.75 73.0
1196.25 73.0
1197.75 73.0
1196.25 73.0
1197.75 73.0
1196.25 73.0
1197.75 73.0
1196.25 73.0
1197.75 73.0
1196.25 73.0
1197.75 73.0
1196.25 73.0
1197.75 73.0
1196.25 73.0
1197.75 73.0
1196.25 73.0
1197.75 73.0
1196.25 73.0
1197.75 73.0
1196.25 73.0
1197.75 73.0
1196.25 73.0
1197.75 73.0
1196.25 73.0
1197.75 73.0
1196.25 73.0
1197.75 73.0
1196.25 73.0
1197.75 73.0
1196.25 73.0
1197.75 73.0
1196.25 73.0
1197.75 73.0
1196.25 73.0
1197.75 73.0
1196.25 73.0
1197.75 73.0
1196.25 73.0
1197.75 73.0
1196.25 73.0
1197.75 73.0
1196.25 73.0
1197.75 73.0
1196.25 73.0
1197.75 73.0
1196.25 73.0
1197.75 73.0
1196.25 73.0
1197.75 73.0
1196.25 73.0
1197.75 73.0
1196.25 73.0
1197.75 73.0
1196.25 73.0
1197.75 73.0
1196.25 73.0
1197.75 73.0
1196.25 73.0
1197.75 73.0
1196.25 73.0
1197.75 73.0
1196.25 73.0
1197.75 73.0
1196.25 73.0
1197.75 73.0
1196.25 73.0
1197.75 73.0
1196.25 73.0
1197.75 73.0
1196.25 73.0
1197.75 73.0
1196.25 73.0
1197.75 73.0
1196.25 73.0
1197.75 73.0
1196.25 73.0
1197.75 73.0
1196.25 73.0
1197.75 73.0
1196.25 73.0
1197.75 73.0
1196.25 73.0
1197.75 73.0
1196.25 73.0
1197.75 73.0
1196.25 73.0
1197.75 73.0
1196.25 73.0
1197.75 73.0
1196.25 73.0
1197.75 73.0
1196.25 73.0
1197.75 73.0
1196.25 73.0
1197.75 73.0
1196.25 73.0
1197.75 73.0
1196.25 73.0
1197.75 73.0
1196.25 73.0
1197.75 73.0
1196.25 73.0
1197.75 73.0
1196.25 73.0
1197.75 73.0
1196.25 73.0
1197.75 73.0
1196.25 73.0
1197.75 73.0
1196.25 73.0
1197.75 73.0
1196.25 73.0
1197.75 73.0
1196.25 73.0
1197.75 73.0
1196.25 73.0
1197.75 73.0
1196.25 73.0
1197.75 73.0
1196.25 73.0
1197.75 73.0
1196.25 73.0
1197.75 73.0
1196.25 73.0
1197.75 73.0
1196.25 73.0
1197.75 71.0
1196.25 71.5
1197.75 72.5
1196.25 72.5
1197.75 72.5
1196.25 72.5
1197.75 72.5
1196.25 70.5
1197.75 71.5
1196.25 70.5
1197.75 71.5
1196.25 69.5
1197.75 71.5
