1203 77
1203 77
1205 77
1203 77
1205 77
1203 79
1205 75
1205 75
1205 75
1205 75
1205 75
1205 75
1205 75
1205 75
1205 75
1205 75
1205 75
1205 75
1205 75
1205 75
1205 75
1205 75
1205 75
1205 75
1205 75
1205 75
1205 75
1205 75
1205 75
1205 75
1205 75
1205 75
1205 75
1205 75
1205 75
1205 75
1205 75
1205 75
1205 75
1205 75
1205 75
1205 75
1205 75
1205 75
1205 75
1205 75
1205 75
1205 75
1205 75
1205 75
1205 75
1205 75
1205 75
1205 75
1205 75
1205 75
1205 75
1205 75
1205 75
1205 75
1205 75
1205 75
1205 75
1205 75
1205 75
1205 75
1205 75
1205 75
1205 75
1205 75
1205 75
1205 75
1205 75
1205 75
1205 75
1205 75
1205 75
1205 75
1205 75
1205 75
1205 75
1205 75
1205 75
1205 75
1205 75
1205 75
1205 75
1205 75
1205 75
1205 75
1205 75
1203 75
1205 75
1203 75
1205 75
1203 75
1205 75
1203 75
1203 75
1203 75
1203 75
1203 75
1203 75
1203 75
1203 75
1203 75
1203 75
1203 75
1203 75
1203 75
1203 75
1203 75
1203 75
1203 75
1203 75
1205 75
1207 75
1215 73
1223 75
1233 75
1243 75
1255 75
1267 75
1277 75
1285 75
1291 75
1299 75
1301 75
1299 75
1299 75
1295 75
1289 75
1281 75
1271 75
1263 75
1251 75
1239 75
1227 75
1215 75
1205 75
1195 75
1189 75
1181 75
1177 75
1177 75
1177 75
1181 75
1185 75
1191 75
1199 75
1207 75
1215 75
1225 75
1231 75
1239 75
1245 75
1247 75
1251 75
1253 75
1249 75
1247 75
1245 75
1239 75
1233 75
1225 75
1217 75
1209 75
1201 75
1193 75
1187 75
1183 75
1177 75
1173 75
1171 75
1171 75
1173 75
1173 75
1177 75
1181 75
1185 75
1191 75
1197 75
1201 75
1205 75
1209 75
1213 75
1215 75
1219 75
1219 75
1219 75
1217 75
1213 75
1211 75
1209 75
1203 75
1201 75
1195 75
1193 75
1189 75
1185 75
1183 75
1183 75
1181 75
1179 75
1181 75
1181 75
1183 75
1185 75
1187 75
1191 75
1193 75
1193 75
1195 75
1199 75
1201 75
1201 75
1203 75
1205 75
1203 75
1205 75
1203 75
1203 75
1203 75
1201 75
1199 75
1199 75
1199 75
1197 75
1195 75
1197 75
1195 75
1197 75
1195 75
1197 75
1195 75
1197 75
1195 75
1197 75
1195 75
1197 75
1195 75
1197 75
1195 75
1197 75
1195 75
1197 75
1195 75
1197 75
1195 75
1197 75
1195 75
1197 75
1195 75
1197 75
1195 75
1197 75
1195 75
1197 75
1195 75
1197 75
1195 75
1197 75
1195 75
1197 75
1195 75
1197 75
1195 75
1197 75
1195 75
1197 75
1195 75
1197 75
1195 75
1197 75
1195 75
1197 75
1195 75
1197 75
1195 75
1197 75
1195 75
1197 75
1195 75
1197 75
1195 75
1197 75
1195 75
1197 75
1195 75
1197 75
1195 75
1197 75
1195 75
1197 75
1195 75
1197 75
1195 75
1197 75
1195 75
1197 75
1195 75
1197 75
1195 75
1197 75
1195 75
1197 75
1195 75
1197 75
1195 75
1197 75
1195 75
1197 75
1195 75
1197 75
1195 75
1197 75
1195 75
1197 75
1195 75
1197 75
1195 75
1197 75
1195 75
1197 75
1195 75
1197 75
1195 75
1197 75
1195 75
1197 75
1195 75
1197 75
1195 75
1197 75
1195 75
1197 75
1195 75
1197 75
1195 75
1197 75
1195 75
1197 75
1195 75
1197 75
1195 75
1197 75
1195 75
1197 75
1195 75
1197 75
1195 75
1197 75
1195 75
1197 75
1195 75
1197 75
1195 75
1197 75
1195 75
1197 75
1195 75
1197 75
1195 75
1197 75
1195 75
1197 75
1195 75
1197 75
1195 75
1197 75
1195 75
1197 75
1195 75
1197 75
1195 75
1197 75
1195 75
1197 75
1195 75
1197 75
1195 75
1197 75
1195 75
1197 75
1195 75
1197 75
1195 75
1197 75
1195 75
1197 75
1195 75
1197 75
1195 75
1197 75
1195 75
1197 75
1195 75
1197 75
1195 75
1197 75
1195 75
1197 75
1195 75
1197 75
1195 75
1197 75
1195 75
1197 75
1195 75
1197 75
1195 75
1197 75
1195 75
1197 75
1195 75
1197 75
1195 75
1197 75
1195 75
1197 75
1195 75
1197 75
1195 75
1197 75
1195 75
1197 75
1195 75
1197 75
1195 75
1197 75
1195 75
1197 75
1195 75
1197 75
1195 75
1197 75
1195 75
1197 75
1195 75
1197 75
1195 75
1197 75
1195 75
1197 75
1195 75
1197 75
1195 75
1197 75
1195 75
1197 75
1195 75
1197 75
1195 75
1197 75
1195 75
1197 75
1195 75
1197 75
1195 75
1197 75
1195 75
1197 75
1195 75
1197 75
1195 75
1197 75
1195 75
1197 75
1195 75
1197 75
1195 75
1197 75
1195 75
1197 75
1195 75
1197 75
1195 75
1197 75
1195 75
1197 75
1195 75
1197 75
1195 75
1197 75
1195 75
1197 75
1195 75
1197 75
1195 75
1197 75
1195 75
1197 75
1195 75
1197 75
1195 75
1197 75
1195 75
1197 75
1195 75
1197 75
1195 75
1197 75
1195 75
1197 75
1195 75
1197 75
1195 75
1197 75
1195 75
1197 75
1195 75
1197 75
1195 75
1197 75
1195 75
1197 75
1195 75
1197 75
1195 75
1197 75
1195 75
1197 75
1195 75
1197 75
1195 75
1197 75
1195 75
1197 75
1195 75
1197 75
1195 75
1197 75
1195 75
1197 75
1195 75
1197 75
1195 75
1197 75
1195 75
1197 75
1195 75
1197 75
1195 75
1197 75
1195 75
1197 75
1195 75
1197 75
1195 75
1197 75
1195 75
1197 75
1195 75
1197 75
1195 75
1197 75
1195 75
1197 75
1195 75
1197 75
1195 75
1197 75
1195 75
1197 75
1195 75
1197 75
1195 75
1197 75
1195 75
1197 75
1195 75
1197 75
1195 75
1197 75
1195 75
1197 75
1195 75
1197 75
1195 75
1197 75
1195 75
1197 75
1195 75
1197 75
1195 75
1197 75
1195 75
1197 75
1195 75
1197 75
1195 75
1197 75
1195 75
1197 75
1195 75
1197 75
1195 75
1197 75
1195 75
1197 75
1195 75
1197 75
1195 75
1197 75
1195 75
1197 75
1195 75
1197 75
1195 75
1197 75
1195 75
1197 75
1195 75
1197 75
1195 75
1197 75
1195 75
1197 75
1195 75
1197 75
1195 75
1197 75
1195 75
1197 75
1195 75
1197 75
1195 75
1197 75
1195 75
1197 75
1195 75
1197 75
1195 75
1197 75
1195 75
1197 75
1195 75
1197 75
1195 75
1197 75
1195 75
1197 75
1195 75
1197 75
1195 75
1197 75
1195 75
1197 75
1195 75
1197 75
1195 75
1197 75
1195 75
1197 75
1195 75
1197 75
1195 75
1197 75
1195 75
1197 75
1195 75
1197 75
1195 75
1197 75
1195 75
1197 75
1195 75
1197 75
1195 75
1197 75
1195 75
1197 75
1195 75
1197 75
1195 75
1197 75
1195 75
1197 75
1195 75
1197 75
1195 75
1197 75
1195 75
1197 75
1195 75
1197 75
1195 75
1197 75
1195 75
1197 75
1195 75
1197 75
1195 75
1197 75
1195 75
1197 75
1195 75
1197 75
1195 75
1197 75
1195 75
1197 75
1195 75
1197 75
1195 75
1197 75
1195 75
1197 75
1195 75
1197 75
1195 75
1197 75
1195 75
1197 75
1195 75
1197 75
1195 75
1197 75
1195 75
1197 75
1195 75
1197 75
1195 75
1197 75
1195 75
1197 75
1195 75
1197 75
1195 75
1197 75
1195 75
1197 75
1195 75
1197 75
1195 75
1197 75
1195 75
1197 75
1195 75
1197 75
1195 75
1197 75
1195 75
1197 75
1195 75
1197 75
1195 75
1197 75
1195 75
1197 75
1195 75
1197 75
1195 75
1197 75
1195 75
1197 75
1195 75
1197 75
1195 75
1197 75
1195 75
1197 75
1195 75
1197 75
1195 75
1197 75
1195 75
1197 75
1195 75
1197 75
1195 75
1197 75
1195 75
1197 75
1195 75
1197 75
1195 75
1197 75
1195 75
1197 75
1195 75
1197 75
1195 75
1197 75
1195 75
1197 75
1195 75
1197 75
1195 75
1197 75
1195 75
1197 75
1195 75
1197 75
1195 75
1197 75
1195 75
1197 75
1195 75
1197 75
1195 75
1197 75
1195 75
1197 75
1195 75
1197 75
1195 75
1197 75
1195 75
1197 75
1195 75
1197 75
1195 75
1197 75
1195 75
1197 75
1195 75
1197 75
1195 75
1197 75
1195 75
1197 75
1195 75
1197 75
1195 75
1197 75
1195 75
1197 75
1195 75
1197 75
1195 75
1197 75
1195 75
1197 75
1195 75
1197 75
1195 75
1197 75
1195 75
1197 75
1195 75
1197 75
1195 75
1197 75
1195 75
1197 75
1195 75
1197 75
1195 75
1197 75
1195 75
1197 75
1195 75
1197 75
1195 75
1197 75
1195 75
1197 75
1195 75
1197 75
1195 75
1197 75
1195 75
1197 75
1195 75
1197 75
1195 75
1197 75
1195 75
1197 75
1195 75
1197 75
1195 75
1197 75
1195 75
1197 75
1195 75
1197 75
1195 75
1197 75
1195 75
1197 75
1195 75
1197 75
1195 75
1197 75
1195 75
1197 75
1195 75
1197 75
1195 75
1197 75
1195 75
1197 75
1195 75
1197 75
1195 75
1197 75
1195 75
1197 75
1195 75
1197 75
1195 75
1197 75
1195 75
1197 75
1195 75
1197 75
1195 75
1197 75
1195 75
1197 75
1195 75
1197 75
1195 75
1197 75
1195 75
1197 75
1195 75
1197 75
1195 75
1197 75
1195 75
1197 75
1195 75
1197 75
1195 75
1197 75
1195 75
1197 75
1195 75
1197 75
1195 75
1197 75
1195 75
1197 75
1195 75
1197 75
1195 75
1197 75
1195 75
1197 75
1195 75
1197 75
1195 75
1197 75
1195 75
1197 75
1195 75
1197 75
1195 75
1197 75
1195 75
1197 75
1195 75
1197 75
1195 75
1197 75
1195 75
1197 75
1195 75
1197 75
1195 75
1197 75
1195 75
1197 75
1195 75
1197 75
1195 75
1197 75
1195 75
1197 75
1195 75
1197 75
1195 75
1197 75
1195 75
1197 75
1195 75
1197 75
1195 75
1197 75
1195 75
1197 75
1195 75
1197 75
1195 75
1197 75
1195 75
1197 75
1195 75
1197 75
1195 75
1197 75
1195 75
1197 75
1195 75
1197 75
1195 75
1197 75
1195 75
1197 75
1195 75
1197 75
1195 75
1197 75
1195 75
1197 75
1195 75
1197 75
1195 75
1197 75
1195 75
1197 75
1195 75
1197 75
1195 75
1197 75
1195 75
1197 75
1195 75
1197 75
1195 75
1197 75
1195 75
1197 75
1195 75
1197 75
1195 75
1197 75
1195 75
1197 75
1195 75
1197 75
1195 75
1197 75
1195 75
1197 75
1195 75
1197 75
1195 75
1197 75
1195 75
1197 75
1195 75
1197 75
1195 75
1197 75
1195 75
1197 75
1195 75
1197 75
1195 75
1197 75
1195 75
1197 75
1195 75
1197 75
1195 75
1197 75
1195 75
1197 75
1195 75
1197 75
1195 75
1197 75
1195 75
1197 75
1195 75
1197 75
1195 75
1197 75
1195 75
1197 75
1195 75
1197 75
1195 75
1197 75
1195 75
1197 75
1195 75
1197 75
1195 75
1197 75
1195 75
1197 75
1195 75
1197 75
1195 75
1197 75
1195 75
1197 75
1195 75
1197 75
1195 75
1197 75
1195 75
1197 75
1195 75
1197 75
1195 75
1197 75
1195 75
1197 75
1195 75
1197 75
1195 75
1197 75
1195 75
1197 75
1195 75
1197 75
1195 75
1197 75
1195 75
1197 75
1195 75
1197 75
1195 75
1197 75
1195 75
1197 75
1195 75
1197 75
1195 75
1197 75
1195 75
1197 75
1195 75
1197 75
1195 75
1197 75
1195 75
1197 75
1195 75
1197 75
1195 75
1197 75
1195 75
1197 75
1195 75
1197 75
1195 75
1197 75
1195 75
1197 75
1195 75
1197 75
1195 75
1197 75
1195 75
1197 75
1195 75
1197 75
1195 75
1197 75
1195 75
1197 75
1195 75
1197 75
1195 75
1197 75
1195 75
1197 75
1195 75
1197 75
1195 75
1197 75
1195 75
1197 75
1195 75
1197 75
1195 75
1197 75
1195 75
1197 75
1195 75
1197 75
1195 75
1197 75
1195 75
1197 75
1195 75
1197 75
1195 75
1197 75
1195 75
1197 75
1195 75
1197 75
1195 75
1197 75
1195 75
1197 75
1195 75
1197 75
1195 75
1197 75
1195 75
1197 75
1195 75
1197 75
1195 75
1197 75
1195 75
1197 75
1195 75
1197 75
1195 75
1197 75
1195 75
1197 75
1195 75
1197 75
1195 75
1197 75
1195 75
1197 75
1195 75
1197 75
1195 75
1197 75
1195 75
1197 75
1195 75
1197 75
1195 75
1197 75
1195 75
1197 75
1195 75
1197 75
1195 75
1197 75
1195 75
1197 75
1195 75
1197 75
1195 75
1197 75
1195 75
1197 75
1195 75
1197 75
1195 75
1197 75
1195 75
1197 75
1195 75
1197 75
1195 75
1197 75
1195 75
1197 75
1195 75
1197 75
1195 75
1197 75
1195 75
1197 75
1195 75
1197 75
1195 75
1197 75
1195 75
1197 75
1195 75
1197 75
1195 75
1197 75
1195 75
1197 75
1195 75
1197 75
1195 75
1197 75
1195 75
1197 75
1195 75
1197 75
1195 75
1197 75
1195 75
1197 75
1195 75
1197 75
1195 75
1197 75
1195 75
1197 75
1195 75
1197 75
1195 75
1197 75
1195 75
1197 75
1195 75
1197 75
1195 75
1197 75
1195 75
1197 75
1195 75
1197 75
1195 75
1197 75
1195 75
1197 75
1195 75
1197 75
1195 75
1197 73
1195 75
1197 75
1195 75
1197 75
1195 75
1197 75
1195 73
1197 75
1195 73
1197 75
1195 73
1197 75
