1205 70
1205 70
1207 70
1205 70
1207 70
1205 72
1207 70
1207 70
1207 70
1207 70
1207 70
1207 70
1207 70
1207 70
1207 70
1207 70
1207 70
1207 70
1207 70
1207 70
1207 70
1207 70
1207 70
1207 70
1207 70
1207 70
1207 70
1207 70
1207 70
1207 70
1207 70
1207 70
1207 70
1207 70
1207 70
1207 70
1207 70
1207 70
1207 70
1207 70
1207 70
1207 70
1207 70
1207 70
1207 70
1207 70
1207 70
1207 70
1207 70
1207 70
1207 70
1207 70
1207 70
1207 70
1207 70
1207 70
1207 70
1207 70
1207 70
1207 70
1207 70
1207 70
1207 70
1207 70
1207 70
1207 70
1207 70
1207 70
1207 70
1207 70
1207 70
1207 70
1207 70
1207 70
1207 70
1207 70
1207 70
1205 70
1207 70
1205 70
1207 70
1205 70
1207 70
1205 70
1207 70
1205 70
1207 70
1205 70
1207 70
1205 70
1207 70
1205 70
1205 70
1205 70
1205 70
1205 70
1205 70
1205 70
1205 70
1205 70
1205 70
1205 70
1205 70
1205 70
1205 70
1205 70
1205 70
1205 70
1205 70
1205 70
1205 70
1205 70
1205 70
1205 70
1205 70
1207 70
1209 70
1217 70
1225 70
1235 70
1245 70
1257 70
1269 70
1279 70
1287 70
1293 70
1301 70
1303 70
1301 70
1301 70
1297 70
1291 70
1281 70
1273 70
1263 70
1249 70
1239 70
1227 70
1215 70
1205 70
1197 70
1189 70
1183 70
1179 70
1177 70
1179 70
1181 70
1187 70
1191 70
1199 70
1207 70
1215 70
1223 70
1231 70
1239 70
1245 70
1251 70
1251 70
1251 70
1251 70
1247 70
1243 70
1239 70
1233 70
1227 70
1217 70
1211 70
1201 70
1195 70
1187 70
1181 70
1179 70
1173 70
1173 70
1173 70
1173 70
1175 70
1177 70
1183 70
1187 70
1191 70
1197 70
1203 70
1207 70
1211 70
1215 70
1217 70
1221 70
1221 70
1221 70
1219 70
1215 70
1213 70
1211 70
1205 70
1203 70
1197 70
1195 70
1189 70
1187 70
1183 70
1181 70
1183 70
1181 70
1183 70
1183 70
1183 70
1185 70
1189 70
1191 70
1193 70
1197 70
1199 70
1199 70
1201 70
1205 70
1207 70
1205 70
1207 70
1205 70
1205 70
1205 70
1205 70
1203 70
1201 70
1201 70
1201 70
1199 70
1197 70
1199 70
1197 70
1199 70
1197 70
1199 70
1197 70
1199 70
1197 70
1199 70
1197 70
1199 70
1197 70
1199 70
1197 70
1199 70
1197 70
1199 70
1197 70
1199 70
1197 70
1199 70
1197 70
1199 70
1197 70
1199 70
1197 70
1199 70
1197 70
1199 70
1197 70
1199 70
1197 70
1199 70
1197 70
1199 70
1197 70
1199 70
1197 70
1199 70
1197 70
1199 70
1197 70
1199 70
1197 70
1199 70
1197 70
1199 70
1197 70
1199 70
1197 70
1199 70
1197 70
1199 70
1197 70
1199 70
1197 70
1199 70
1197 70
1199 70
1197 70
1199 70
1197 70
1199 70
1197 70
1199 70
1197 70
1199 70
1197 70
1199 70
1197 70
1199 70
1197 70
1199 70
1197 70
1199 70
1197 70
1199 70
1197 70
1199 70
1197 70
1199 70
1197 70
1199 70
1197 70
1199 70
1197 70
1199 70
1197 70
1199 70
1197 70
1199 70
1197 70
1199 70
1197 70
1199 70
1197 70
1199 70
1197 70
1199 70
1197 70
1199 70
1197 70
1199 70
1197 70
1199 70
1197 70
1199 70
1197 70
1199 70
1197 70
1199 70
1197 70
1199 70
1197 70
1199 70
1197 70
1199 70
1197 70
1199 70
1197 70
1199 70
1197 70
1199 70
1197 70
1199 70
1197 70
1199 70
1197 70
1199 70
1197 70
1199 70
1197 70
1199 70
1197 70
1199 70
1197 70
1199 70
1197 70
1199 70
1197 70
1199 70
1197 70
1199 70
1197 70
1199 70
1197 70
1199 70
1197 70
1199 70
1197 70
1199 70
1197 70
1199 70
1197 70
1199 70
1197 70
1199 70
1197 70
1199 70
1197 70
1199 70
1197 70
1199 70
1197 70
1199 70
1197 70
1199 70
1197 70
1199 70
1197 70
1199 70
1197 70
1199 70
1197 70
1199 70
1197 70
1199 70
1197 70
1199 70
1197 70
1199 70
1197 70
1199 70
1197 70
1199 70
1197 70
1199 70
1197 70
1199 70
1197 70
1199 70
1197 70
1199 70
1197 70
1199 70
1197 70
1199 70
1197 70
1199 70
1197 70
1199 70
1197 70
1199 70
1197 70
1199 70
1197 70
1199 70
1197 70
1199 70
1197 70
1199 70
1197 70
1199 70
1197 70
1199 70
1197 70
1199 70
1197 70
1199 70
1197 70
1199 70
1197 70
1199 70
1197 70
1199 70
1197 70
1199 70
1197 70
1199 70
1197 70
1199 70
1197 70
1199 70
1197 70
1199 70
1197 70
1199 70
1197 70
1199 70
1197 70
1199 70
1197 70
1199 70
1197 70
1199 70
1197 70
1199 70
1197 70
1199 70
1197 70
1199 70
1197 70
1199 70
1197 70
1199 70
1197 70
1199 70
1197 70
1199 70
1197 70
1199 70
1197 70
1199 70
1197 70
1199 70
1197 70
1199 70
1197 70
1199 70
1197 70
1199 70
1197 70
1199 70
1197 70
1199 70
1197 70
1199 70
1197 70
1199 70
1197 70
1199 70
1197 70
1199 70
1197 70
1199 70
1197 70
1199 70
1197 70
1199 70
1197 70
1199 70
1197 70
1199 70
1197 70
1199 70
1197 70
1199 70
1197 70
1199 70
1197 70
1199 70
1197 70
1199 70
1197 70
1199 70
1197 70
1199 70
1197 70
1199 70
1197 70
1199 70
1197 70
1199 70
1197 70
1199 70
1197 70
1199 70
1197 70
1199 70
1197 70
1199 70
1197 70
1199 70
1197 70
1199 70
1197 70
1199 70
1197 70
1199 70
1197 70
1199 70
1197 70
1199 70
1197 70
1199 70
1197 70
1199 70
1197 70
1199 70
1197 70
1199 70
1197 70
1199 70
1197 70
1199 70
1197 70
1199 70
1197 70
1199 70
1197 70
1199 70
1197 70
1199 70
1197 70
1199 70
1197 70
1199 70
1197 70
1199 70
1197 70
1199 70
1197 70
1199 70
1197 70
1199 70
1197 70
1199 70
1197 70
1199 70
1197 70
1199 70
1197 70
1199 70
1197 70
1199 70
1197 70
1199 70
1197 70
1199 70
1197 70
1199 70
1197 70
1199 70
1197 70
1199 70
1197 70
1199 70
1197 70
1199 70
1197 70
1199 70
1197 70
1199 70
1197 70
1199 70
1197 70
1199 70
1197 70
1199 70
1197 70
1199 70
1197 70
1199 70
1197 70
1199 70
1197 70
1199 70
1197 70
1199 70
1197 70
1199 70
1197 70
1199 70
1197 70
1199 70
1197 70
1199 70
1197 70
1199 70
1197 70
1199 70
1197 70
1199 70
1197 70
1199 70
1197 70
1199 70
1197 70
1199 70
1197 70
1199 70
1197 70
1199 70
1197 70
1199 70
1197 70
1199 70
1197 70
1199 70
1197 70
1199 70
1197 70
1199 70
1197 70
1199 70
1197 70
1199 70
1197 70
1199 70
1197 70
1199 70
1197 70
1199 70
1197 70
1199 70
1197 70
1199 70
1197 70
1199 70
1197 70
1199 70
1197 70
1199 70
1197 70
1199 70
1197 70
1199 70
1197 70
1199 70
1197 70
1199 70
1197 70
1199 70
1197 70
1199 70
1197 70
1199 70
1197 70
1199 70
1197 70
1199 70
1197 70
1199 70
1197 70
1199 70
1197 70
1199 70
1197 70
1199 70
1197 70
1199 70
1197 70
1199 70
1197 70
1199 70
1197 70
1199 70
1197 70
1199 70
1197 70
1199 70
1197 70
1199 70
1197 70
1199 70
1197 70
1199 70
1197 70
1199 70
1197 70
1199 70
1197 70
1199 70
1197 70
1199 70
1197 70
1199 70
1197 70
1199 70
1197 70
1199 70
1197 70
1199 70
1197 70
1199 70
1197 70
1199 70
1197 70
1199 70
1197 70
1199 70
1197 70
1199 70
1197 70
1199 70
1197 70
1199 70
1197 70
1199 70
1197 70
1199 70
1197 70
1199 70
1197 70
1199 70
1197 70
1199 70
1197 70
1199 70
1197 70
1199 70
1197 70
1199 70
1197 70
1199 70
1197 70
1199 70
1197 70
1199 70
1197 70
1199 70
1197 70
1199 70
1197 70
1199 70
1197 70
1199 70
1197 70
1199 70
1197 70
1199 70
1197 70
1199 70
1197 70
1199 70
1197 70
1199 70
1197 70
1199 70
1197 70
1199 70
1197 70
1199 70
1197 70
1199 70
1197 70
1199 70
1197 70
1199 70
1197 70
1199 70
1197 70
1199 70
1197 70
1199 70
1197 70
1199 70
1197 70
1199 70
1197 70
1199 70
1197 70
1199 70
1197 70
1199 70
1197 70
1199 70
1197 70
1199 70
1197 70
1199 70
1197 70
1199 70
1197 70
1199 70
1197 70
1199 70
1197 70
1199 70
1197 70
1199 70
1197 70
1199 70
1197 70
1199 70
1197 70
1199 70
1197 70
1199 70
1197 70
1199 70
1197 70
1199 70
1197 70
1199 70
1197 70
1199 70
1197 70
1199 70
1197 70
1199 70
1197 70
1199 70
1197 70
1199 70
1197 70
1199 70
1197 70
1199 70
1197 70
1199 70
1197 70
1199 70
1197 70
1199 70
1197 70
1199 70
1197 70
1199 70
1197 70
1199 70
1197 70
1199 70
1197 70
1199 70
1197 70
1199 70
1197 70
1199 70
1197 70
1199 70
1197 70
1199 70
1197 70
1199 70
1197 70
1199 70
1197 70
1199 70
1197 70
1199 70
1197 70
1199 70
1197 70
1199 70
1197 70
1199 70
1197 70
1199 70
1197 70
1199 70
1197 70
1199 70
1197 70
1199 70
1197 70
1199 70
1197 70
1199 70
1197 70
1199 70
1197 70
1199 70
1197 70
1199 70
1197 70
1199 70
1197 70
1199 70
1197 70
1199 70
1197 70
1199 70
1197 70
1199 70
1197 70
1199 70
1197 70
1199 70
1197 70
1199 70
1197 70
1199 70
1197 70
1199 70
1197 70
1199 70
1197 70
1199 70
1197 70
1199 70
1197 70
1199 70
1197 70
1199 70
1197 70
1199 70
1197 70
1199 70
1197 70
1199 70
1197 70
1199 70
1197 70
1199 70
1197 70
1199 70
1197 70
1199 70
1197 70
1199 70
1197 70
1199 70
1197 70
1199 70
1197 70
1199 70
1197 70
1199 70
1197 70
1199 70
1197 70
1199 70
1197 70
1199 70
1197 70
1199 70
1197 70
1199 70
1197 70
1199 70
1197 70
1199 70
1197 70
1199 70
1197 70
1199 70
1197 70
1199 70
1197 70
1199 70
1197 70
1199 70
1197 70
1199 70
1197 70
1199 70
1197 70
1199 70
1197 70
1199 70
1197 70
1199 70
1197 70
1199 70
1197 70
1199 70
1197 70
1199 70
1197 70
1199 70
1197 70
1199 70
1197 70
1199 70
1197 70
1199 70
1197 70
1199 70
1197 70
1199 70
1197 70
1199 70
1197 70
1199 70
1197 70
1199 70
1197 70
1199 70
1197 70
1199 70
1197 70
1199 70
1197 70
1199 70
1197 70
1199 70
1197 70
1199 70
1197 70
1199 70
1197 70
1199 70
1197 70
1199 70
1197 70
1199 70
1197 70
1199 70
1197 70
1199 70
1197 70
1199 70
1197 70
1199 70
1197 70
1199 70
1197 70
1199 70
1197 70
1199 70
1197 70
1199 70
1197 70
1199 70
1197 70
1199 70
1197 70
1199 70
1197 70
1199 70
1197 70
1199 70
1197 70
1199 70
1197 70
1199 70
1197 70
1199 70
1197 70
1199 70
1197 70
1199 70
1197 70
1199 70
1197 70
1199 70
1197 70
1199 70
1197 70
1199 70
1197 70
1199 70
1197 70
1199 70
1197 70
1199 70
1197 70
1199 70
1197 70
1199 70
1197 70
1199 70
1197 70
1199 70
1197 70
1199 70
1197 70
1199 70
1197 70
1199 70
1197 70
1199 70
1197 70
1199 70
1197 70
1199 70
1197 70
1199 70
1197 70
1199 70
1197 70
1199 70
1197 70
1199 70
1197 70
1199 70
1197 70
1199 70
1197 70
1199 70
1197 70
1199 70
1197 70
1199 70
1197 70
1199 70
1197 70
1199 70
1197 70
1199 70
1197 70
1199 70
1197 70
1199 70
1197 70
1199 70
1197 70
1199 70
1197 70
1199 70
1197 70
1199 70
1197 70
1199 70
1197 70
1199 70
1197 70
1199 70
1197 70
1199 70
1197 70
1199 70
1197 70
1199 70
1197 70
1199 70
1197 70
1199 70
1197 70
1199 70
1197 70
1199 70
1197 70
1199 70
1197 70
1199 70
1197 70
1199 70
1197 70
1199 70
1197 70
1199 70
1197 70
1199 70
1197 70
1199 70
1197 70
1199 70
1197 70
1199 70
1197 70
1199 70
1197 70
1199 70
1197 70
1199 70
1197 70
1199 70
1197 70
1199 70
1197 70
1199 70
1197 70
1199 70
1197 70
1199 70
1197 70
1199 70
1197 70
1199 70
1197 70
1199 70
1197 70
1199 70
1197 70
1199 70
1197 70
1199 70
1197 70
1199 70
1197 70
1199 70
1197 70
1199 70
1197 70
1199 70
1197 70
1199 70
1197 70
1199 70
1197 70
1199 70
1197 70
1199 70
1197 70
1199 70
1197 70
1199 70
1197 70
1199 70
1197 70
1199 70
1197 70
1199 70
1197 70
1199 70
1197 70
1199 70
1197 70
1199 70
1197 70
1199 70
1197 70
1199 70
1197 70
1199 70
1197 70
1199 70
1197 70
1199 70
1197 70
1199 70
1197 70
1199 70
1197 70
1199 70
1197 70
1199 70
1197 70
1199 70
1197 70
1199 70
1197 70
1199 70
1197 70
1199 70
1197 70
1199 70
1197 70
1199 70
1197 70
1199 70
1197 70
1199 70
1197 70
1199 70
1197 70
1199 70
1197 70
1199 70
1197 70
1199 68
1197 68
1199 70
1197 70
1199 70
1197 70
1199 70
1197 68
1199 68
1197 68
1199 68
1197 66
1199 68
