1202 76
1202 76
1204 76
1204 76
1204 76
1204 78
1204 76
1206 76
1206 76
1206 76
1206 76
1206 76
1206 76
1206 76
1206 76
1206 76
1206 76
1206 76
1206 76
1206 76
1206 76
1206 76
1206 76
1206 76
1206 76
1206 76
1206 76
1206 76
1206 76
1206 76
1206 76
1206 76
1206 76
1206 76
1206 76
1206 76
1206 76
1206 76
1206 76
1206 76
1206 76
1206 76
1206 76
1206 76
1206 76
1206 76
1206 76
1206 76
1206 76
1206 76
1206 76
1206 76
1206 76
1206 76
1206 76
1206 76
1206 76
1206 76
1206 76
1206 76
1206 76
1206 76
1206 76
1206 76
1206 76
1206 76
1206 76
1206 76
1206 76
1206 76
1206 76
1206 76
1206 76
1206 76
1206 76
1206 76
1206 76
1204 76
1204 76
1204 76
1204 76
1204 76
1204 76
1204 76
1204 76
1204 76
1204 76
1204 76
1204 76
1204 76
1204 76
1204 76
1204 76
1204 76
1202 76
1202 76
1202 76
1202 76
1202 76
1202 76
1202 76
1202 76
1202 76
1202 76
1202 76
1202 76
1202 76
1202 76
1202 76
1202 76
1202 76
1202 76
1202 76
1202 76
1202 76
1204 76
1208 76
1214 76
1222 76
1232 76
1242 76
1254 76
1266 76
1276 76
1284 76
1292 76
1298 76
1300 76
1300 76
1298 76
1294 76
1288 76
1280 76
1272 76
1260 76
1248 76
1238 76
1226 76
1214 76
1204 76
1194 76
1186 76
1182 76
1178 76
1176 76
1178 76
1180 76
1184 76
1190 76
1198 76
1206 76
1214 76
1222 76
1230 76
1238 76
1244 76
1248 76
1250 76
1250 76
1250 76
1246 76
1242 76
1238 76
1232 76
1224 76
1216 76
1208 76
1200 76
1194 76
1186 76
1180 76
1176 76
1172 76
1170 76
1170 76
1170 76
1172 76
1176 76
1180 76
1184 76
1190 76
1194 76
1200 76
1204 76
1208 76
1212 76
1216 76
1218 76
1218 76
1218 76
1216 76
1214 76
1210 76
1206 76
1204 76
1200 76
1196 76
1192 76
1188 76
1184 76
1182 76
1180 76
1180 76
1180 76
1180 76
1180 76
1182 76
1184 76
1186 76
1188 76
1190 76
1194 76
1196 76
1198 76
1200 76
1202 76
1202 76
1204 76
1204 76
1204 76
1202 76
1202 76
1200 76
1200 76
1200 76
1198 76
1198 76
1196 76
1196 76
1196 76
1196 76
1196 76
1196 76
1196 76
1196 76
1196 76
1196 76
1196 76
1196 76
1196 76
1196 76
1196 76
1196 76
1196 76
1196 76
1196 76
1196 76
1196 76
1196 76
1196 76
1196 76
1196 76
1196 76
1196 76
1196 76
1196 76
1196 76
1196 76
1196 76
1196 76
1196 76
1196 76
1196 76
1196 76
1196 76
1196 76
1196 76
1196 76
1196 76
1196 76
1196 76
1196 76
1196 76
1196 76
1196 76
1196 76
1196 76
1196 76
1196 76
1196 76
1196 76
1196 76
1196 76
1196 76
1196 76
1196 76
1196 76
1196 76
1196 76
1196 76
1196 76
1196 76
1196 76
1196 76
1196 76
1196 76
1196 76
1196 76
1196 76
1196 76
1196 76
1196 76
1196 76
1196 76
1196 76
1196 76
1196 76
1196 76
1196 76
1196 76
1196 76
1196 76
1196 76
1196 76
1196 76
1196 76
1196 76
1196 76
1196 76
1196 76
1196 76
1196 76
1196 76
1196 76
1196 76
1196 76
1196 76
1196 76
1196 76
1196 76
1196 76
1196 76
1196 76
1196 76
1196 76
1196 76
1196 76
1196 76
1196 76
1196 76
1196 76
1196 76
1196 76
1196 76
1196 76
1196 76
1196 76
1196 76
1196 76
1196 76
1196 76
1196 76
1196 76
1196 76
1196 76
1196 76
1196 76
1196 76
1196 76
1196 76
1196 76
1196 76
1196 76
1196 76
1196 76
1196 76
1196 76
1196 76
1196 76
1196 76
1196 76
1196 76
1196 76
1196 76
1196 76
1196 76
1196 76
1196 76
1196 76
1196 76
1196 76
1196 76
1196 76
1196 76
1196 76
1196 76
1196 76
1196 76
1196 76
1196 76
1196 76
1196 76
1196 76
1196 76
1196 76
1196 76
1196 76
1196 76
1196 76
1196 76
1196 76
1196 76
1196 76
1196 76
1196 76
1196 76
1196 76
1196 76
1196 76
1196 76
1196 76
1196 76
1196 76
1196 76
1196 76
1196 76
1196 76
1196 76
1196 76
1196 76
1196 76
1196 76
1196 76
1196 76
1196 76
1196 76
1196 76
1196 76
1196 76
1196 76
1196 76
1196 76
1196 76
1196 76
1196 76
1196 76
1196 76
1196 76
1196 76
1196 76
1196 76
1196 76
1196 76
1196 76
1196 76
1196 76
1196 76
1196 76
1196 76
1196 76
1196 76
1196 76
1196 76
1196 76
1196 76
1196 76
1196 76
1196 76
1196 76
1196 76
1196 76
1196 76
1196 76
1196 76
1196 76
1196 76
1196 76
1196 76
1196 76
1196 76
1196 76
1196 76
1196 76
1196 76
1196 76
1196 76
1196 76
1196 76
1196 76
1196 76
1196 76
1196 76
1196 76
1196 76
1196 76
1196 76
1196 76
1196 76
1196 76
1196 76
1196 76
1196 76
1196 76
1196 76
1196 76
1196 76
1196 76
1196 76
1196 76
1196 76
1196 76
1196 76
1196 76
1196 76
1196 76
1196 76
1196 76
1196 76
1196 76
1196 76
1196 76
1196 76
1196 76
1196 76
1196 76
1196 76
1196 76
1196 76
1196 76
1196 76
1196 76
1196 76
1196 76
1196 76
1196 76
1196 76
1196 76
1196 76
1196 76
1196 76
1196 76
1196 76
1196 76
1196 76
1196 76
1196 76
1196 76
1196 76
1196 76
1196 76
1196 76
1196 76
1196 76
1196 76
1196 76
1196 76
1196 76
1196 76
1196 76
1196 76
1196 76
1196 76
1196 76
1196 76
1196 76
1196 76
1196 76
1196 76
1196 76
1196 76
1196 76
1196 76
1196 76
1196 76
1196 76
1196 76
1196 76
1196 76
1196 76
1196 76
1196 76
1196 76
1196 76
1196 76
1196 76
1196 76
1196 76
1196 76
1196 76
1196 76
1196 76
1196 76
1196 76
1196 76
1196 76
1196 76
1196 76
1196 76
1196 76
1196 76
1196 76
1196 76
1196 76
1196 76
1196 76
1196 76
1196 76
1196 76
1196 76
1196 76
1196 76
1196 76
1196 76
1196 76
1196 76
1196 76
1196 76
1196 76
1196 76
1196 76
1196 76
1196 76
1196 76
1196 76
1196 76
1196 76
1196 76
1196 76
1196 76
1196 76
1196 76
1196 76
1196 76
1196 76
1196 76
1196 76
1196 76
1196 76
1196 76
1196 76
1196 76
1196 76
1196 76
1196 76
1196 76
1196 76
1196 76
1196 76
1196 76
1196 76
1196 76
1196 76
1196 76
1196 76
1196 76
1196 76
1196 76
1196 76
1196 76
1196 76
1196 76
1196 76
1196 76
1196 76
1196 76
1196 76
1196 76
1196 76
1196 76
1196 76
1196 76
1196 76
1196 76
1196 76
1196 76
1196 76
1196 76
1196 76
1196 76
1196 76
1196 76
1196 76
1196 76
1196 76
1196 76
1196 76
1196 76
1196 76
1196 76
1196 76
1196 76
1196 76
1196 76
1196 76
1196 76
1196 76
1196 76
1196 76
1196 76
1196 76
1196 76
1196 76
1196 76
1196 76
1196 76
1196 76
1196 76
1196 76
1196 76
1196 76
1196 76
1196 76
1196 76
1196 76
1196 76
1196 76
1196 76
1196 76
1196 76
1196 76
1196 76
1196 76
1196 76
1196 76
1196 76
1196 76
1196 76
1196 76
1196 76
1196 76
1196 76
1196 76
1196 76
1196 76
1196 76
1196 76
1196 76
1196 76
1196 76
1196 76
1196 76
1196 76
1196 76
1196 76
1196 76
1196 76
1196 76
1196 76
1196 76
1196 76
1196 76
1196 76
1196 76
1196 76
1196 76
1196 76
1196 76
1196 76
1196 76
1196 76
1196 76
1196 76
1196 76
1196 76
1196 76
1196 76
1196 76
1196 76
1196 76
1196 76
1196 76
1196 76
1196 76
1196 76
1196 76
1196 76
1196 76
1196 76
1196 76
1196 76
1196 76
1196 76
1196 76
1196 76
1196 76
1196 76
1196 76
1196 76
1196 76
1196 76
1196 76
1196 76
1196 76
1196 76
1196 76
1196 76
1196 76
1196 76
1196 76
1196 76
1196 76
1196 76
1196 76
1196 76
1196 76
1196 76
1196 76
1196 76
1196 76
1196 76
1196 76
1196 76
1196 76
1196 76
1196 76
1196 76
1196 76
1196 76
1196 76
1196 76
1196 76
1196 76
1196 76
1196 76
1196 76
1196 76
1196 76
1196 76
1196 76
1196 76
1196 76
1196 76
1196 76
1196 76
1196 76
1196 76
1196 76
1196 76
1196 76
1196 76
1196 76
1196 76
1196 76
1196 76
1196 76
1196 76
1196 76
1196 76
1196 76
1196 76
1196 76
1196 76
1196 76
1196 76
1196 76
1196 76
1196 76
1196 76
1196 76
1196 76
1196 76
1196 76
1196 76
1196 76
1196 76
1196 76
1196 76
1196 76
1196 76
1196 76
1196 76
1196 76
1196 76
1196 76
1196 76
1196 76
1196 76
1196 76
1196 76
1196 76
1196 76
1196 76
1196 76
1196 76
1196 76
1196 76
1196 76
1196 76
1196 76
1196 76
1196 76
1196 76
1196 76
1196 76
1196 76
1196 76
1196 76
1196 76
1196 76
1196 76
1196 76
1196 76
1196 76
1196 76
1196 76
1196 76
1196 76
1196 76
1196 76
1196 76
1196 76
1196 76
1196 76
1196 76
1196 76
1196 76
1196 76
1196 76
1196 76
1196 76
1196 76
1196 76
1196 76
1196 76
1196 76
1196 76
1196 76
1196 76
1196 76
1196 76
1196 76
1196 76
1196 76
1196 76
1196 76
1196 76
1196 76
1196 76
1196 76
1196 76
1196 76
1196 76
1196 76
1196 76
1196 76
1196 76
1196 76
1196 76
1196 76
1196 76
1196 76
1196 76
1196 76
1196 76
1196 76
1196 76
1196 76
1196 76
1196 76
1196 76
1196 76
1196 76
1196 76
1196 76
1196 76
1196 76
1196 76
1196 76
1196 76
1196 76
1196 76
1196 76
1196 76
1196 76
1196 76
1196 76
1196 76
1196 76
1196 76
1196 76
1196 76
1196 76
1196 76
1196 76
1196 76
1196 76
1196 76
1196 76
1196 76
1196 76
1196 76
1196 76
1196 76
1196 76
1196 76
1196 76
1196 76
1196 76
1196 76
1196 76
1196 76
1196 76
1196 76
1196 76
1196 76
1196 76
1196 76
1196 76
1196 76
1196 76
1196 76
1196 76
1196 76
1196 76
1196 76
1196 76
1196 76
1196 76
1196 76
1196 76
1196 76
1196 76
1196 76
1196 76
1196 76
1196 76
1196 76
1196 76
1196 76
1196 76
1196 76
1196 76
1196 76
1196 76
1196 76
1196 76
1196 76
1196 76
1196 76
1196 76
1196 76
1196 76
1196 76
1196 76
1196 76
1196 76
1196 76
1196 76
1196 76
1196 76
1196 76
1196 76
1196 76
1196 76
1196 76
1196 76
1196 76
1196 76
1196 76
1196 76
1196 76
1196 76
1196 76
1196 76
1196 76
1196 76
1196 76
1196 76
1196 76
1196 76
1196 76
1196 76
1196 76
1196 76
1196 76
1196 76
1196 76
1196 76
1196 76
1196 76
1196 76
1196 76
1196 76
1196 76
1196 76
1196 76
1196 76
1196 76
1196 76
1196 76
1196 76
1196 76
1196 76
1196 76
1196 76
1196 76
1196 76
1196 76
1196 76
1196 76
1196 76
1196 76
1196 76
1196 76
1196 76
1196 76
1196 76
1196 76
1196 76
1196 76
1196 76
1196 76
1196 76
1196 76
1196 76
1196 76
1196 76
1196 76
1196 76
1196 76
1196 76
1196 76
1196 76
1196 76
1196 76
1196 76
1196 76
1196 76
1196 76
1196 76
1196 76
1196 76
1196 76
1196 76
1196 76
1196 76
1196 76
1196 76
1196 76
1196 76
1196 76
1196 76
1196 76
1196 76
1196 76
1196 76
1196 76
1196 76
1196 76
1196 76
1196 76
1196 76
1196 76
1196 76
1196 76
1196 76
1196 76
1196 76
1196 76
1196 76
1196 76
1196 76
1196 76
1196 76
1196 76
1196 76
1196 76
1196 76
1196 76
1196 76
1196 76
1196 76
1196 76
1196 76
1196 76
1196 76
1196 76
1196 76
1196 76
1196 76
1196 76
1196 76
1196 76
1196 76
1196 76
1196 76
1196 76
1196 76
1196 76
1196 76
1196 76
1196 76
1196 76
1196 76
1196 76
1196 76
1196 76
1196 76
1196 76
1196 76
1196 76
1196 76
1196 76
1196 76
1196 76
1196 76
1196 76
1196 76
1196 76
1196 76
1196 76
1196 76
1196 76
1196 76
1196 76
1196 76
1196 76
1196 76
1196 76
1196 76
1196 76
1196 76
1196 76
1196 76
1196 76
1196 76
1196 76
1196 76
1196 76
1196 76
1196 76
1196 76
1196 76
1196 76
1196 76
1196 76
1196 76
1196 76
1196 76
1196 76
1196 76
1196 76
1196 76
1196 76
1196 76
1196 76
1196 76
1196 76
1196 76
1196 76
1196 76
1196 76
1196 76
1196 76
1196 76
1196 76
1196 76
1196 76
1196 76
1196 76
1196 76
1196 76
1196 76
1196 76
1196 76
1196 76
1196 76
1196 76
1196 76
1196 76
1196 76
1196 76
1196 76
1196 76
1196 76
1196 76
1196 76
1196 76
1196 76
1196 76
1196 76
1196 76
1196 76
1196 76
1196 76
1196 76
1196 76
1196 76
1196 76
1196 76
1196 76
1196 76
1196 76
1196 76
1196 76
1196 76
1196 76
1196 76
1196 76
1196 76
1196 76
1196 76
1196 76
1196 76
1196 76
1196 76
1196 76
1196 76
1196 76
1196 76
1196 76
1196 76
1196 76
1196 76
1196 76
1196 76
1196 76
1196 76
1196 76
1196 76
1196 76
1196 74
1196 74
1196 76
1196 76
1196 76
1196 76
1196 76
1196 74
1196 74
1196 74
1196 74
1196 72
1196 74
