1203 69
1203 69
1205 69
1207 69
1205 69
1207 71
1205 71
1207 71
1207 71
1207 71
1207 71
1207 71
1207 71
1207 71
1207 71
1207 71
1207 71
1207 71
1207 71
1207 71
1207 71
1207 71
1207 71
1207 71
1207 71
1207 71
1207 71
1207 71
1207 71
1207 71
1207 71
1207 71
1207 71
1207 71
1207 71
1207 71
1207 71
1207 71
1207 71
1207 71
1207 71
1207 71
1207 71
1207 71
1207 71
1207 71
1207 71
1207 71
1207 71
1207 71
1207 71
1207 71
1207 71
1207 71
1207 71
1207 71
1207 71
1207 71
1207 71
1207 71
1207 71
1207 71
1207 71
1207 71
1207 71
1207 71
1207 71
1207 71
1207 71
1207 71
1207 71
1207 71
1207 71
1207 71
1207 71
1207 71
1207 71
1205 71
1207 71
1205 71
1207 71
1205 71
1207 71
1205 71
1207 71
1205 71
1207 71
1205 71
1207 71
1205 71
1207 71
1205 71
1205 71
1205 71
1205 71
1205 71
1205 71
1205 71
1205 71
1205 71
1205 71
1205 71
1205 71
1205 71
1205 71
1205 71
1205 71
1205 71
1205 71
1205 71
1205 71
1205 71
1205 71
1205 71
1205 71
1207 71
1209 71
1217 71
1225 71
1235 71
1245 71
1257 71
1269 71
1279 71
1287 71
1293 71
1301 71
1303 71
1301 71
1301 71
1297 71
1291 71
1281 71
1273 71
1263 71
1249 71
1239 71
1225 71
1215 71
1203 71
1195 71
1187 71
1181 71
1179 71
1177 71
1179 71
1181 71
1187 71
1191 71
1199 71
1207 71
1215 71
1223 71
1231 71
1239 71
1243 71
1249 71
1253 71
1253 71
1251 71
1247 71
1243 71
1239 71
1233 71
1227 71
1217 71
1211 71
1201 71
1195 71
1187 71
1181 71
1177 71
1175 71
1171 71
1171 71
1171 71
1173 71
1179 71
1181 71
1187 71
1191 71
1195 71
1201 71
1207 71
1211 71
1213 71
1219 71
1219 71
1219 71
1219 71
1217 71
1217 71
1213 71
1209 71
1207 71
1201 71
1199 71
1193 71
1191 71
1185 71
1185 71
1183 71
1181 71
1183 71
1181 71
1183 71
1183 71
1185 71
1189 71
1191 71
1193 71
1197 71
1199 71
1199 71
1201 71
1205 71
1205 71
1207 71
1205 71
1207 71
1205 71
1205 71
1205 71
1203 71
1201 71
1201 71
1201 71
1199 71
1197 71
1199 71
1197 71
1199 71
1197 71
1199 71
1197 71
1199 71
1197 71
1199 71
1197 71
1199 71
1197 71
1199 71
1197 71
1199 71
1197 71
1199 71
1197 71
1199 71
1197 71
1199 71
1197 71
1199 71
1197 71
1199 71
1197 71
1199 71
1197 71
1199 71
1197 71
1199 71
1197 71
1199 71
1197 71
1199 71
1197 71
1199 71
1197 71
1199 71
1197 71
1199 71
1197 71
1199 71
1197 71
1199 71
1197 71
1199 71
1197 71
1199 71
1197 71
1199 71
1197 71
1199 71
1197 71
1199 71
1197 71
1199 71
1197 71
1199 71
1197 71
1199 71
1197 71
1199 71
1197 71
1199 71
1197 71
1199 71
1197 71
1199 71
1197 71
1199 71
1197 71
1199 71
1197 71
1199 71
1197 71
1199 71
1197 71
1199 71
1197 71
1199 71
1197 71
1199 71
1197 71
1199 71
1197 71
1199 71
1197 71
1199 71
1197 71
1199 71
1197 71
1199 71
1197 71
1199 71
1197 71
1199 71
1197 71
1199 71
1197 71
1199 71
1197 71
1199 71
1197 71
1199 71
1197 71
1199 71
1197 71
1199 71
1197 71
1199 71
1197 71
1199 71
1197 71
1199 71
1197 71
1199 71
1197 71
1199 71
1197 71
1199 71
1197 71
1199 71
1197 71
1199 71
1197 71
1199 71
1197 71
1199 71
1197 71
1199 71
1197 71
1199 71
1197 71
1199 71
1197 71
1199 71
1197 71
1199 71
1197 71
1199 71
1197 71
1199 71
1197 71
1199 71
1197 71
1199 71
1197 71
1199 71
1197 71
1199 71
1197 71
1199 71
1197 71
1199 71
1197 71
1199 71
1197 71
1199 71
1197 71
1199 71
1197 71
1199 71
1197 71
1199 71
1197 71
1199 71
1197 71
1199 71
1197 71
1199 71
1197 71
1199 71
1197 71
1199 71
1197 71
1199 71
1197 71
1199 71
1197 71
1199 71
1197 71
1199 71
1197 71
1199 71
1197 71
1199 71
1197 71
1199 71
1197 71
1199 71
1197 71
1199 71
1197 71
1199 71
1197 71
1199 71
1197 71
1199 71
1197 71
1199 71
1197 71
1199 71
1197 71
1199 71
1197 71
1199 71
1197 71
1199 71
1197 71
1199 71
1197 71
1199 71
1197 71
1199 71
1197 71
1199 71
1197 71
1199 71
1197 71
1199 71
1197 71
1199 71
1197 71
1199 71
1197 71
1199 71
1197 71
1199 71
1197 71
1199 71
1197 71
1199 71
1197 71
1199 71
1197 71
1199 71
1197 71
1199 71
1197 71
1199 71
1197 71
1199 71
1197 71
1199 71
1197 71
1199 71
1197 71
1199 71
1197 71
1199 71
1197 71
1199 71
1197 71
1199 71
1197 71
1199 71
1197 71
1199 71
1197 71
1199 71
1197 71
1199 71
1197 71
1199 71
1197 71
1199 71
1197 71
1199 71
1197 71
1199 71
1197 71
1199 71
1197 71
1199 71
1197 71
1199 71
1197 71
1199 71
1197 71
1199 71
1197 71
1199 71
1197 71
1199 71
1197 71
1199 71
1197 71
1199 71
1197 71
1199 71
1197 71
1199 71
1197 71
1199 71
1197 71
1199 71
1197 71
1199 71
1197 71
1199 71
1197 71
1199 71
1197 71
1199 71
1197 71
1199 71
1197 71
1199 71
1197 71
1199 71
1197 71
1199 71
1197 71
1199 71
1197 71
1199 71
1197 71
1199 71
1197 71
1199 71
1197 71
1199 71
1197 71
1199 71
1197 71
1199 71
1197 71
1199 71
1197 71
1199 71
1197 71
1199 71
1197 71
1199 71
1197 71
1199 71
1197 71
1199 71
1197 71
1199 71
1197 71
1199 71
1197 71
1199 71
1197 71
1199 71
1197 71
1199 71
1197 71
1199 71
1197 71
1199 71
1197 71
1199 71
1197 71
1199 71
1197 71
1199 71
1197 71
1199 71
1197 71
1199 71
1197 71
1199 71
1197 71
1199 71
1197 71
1199 71
1197 71
1199 71
1197 71
1199 71
1197 71
1199 71
1197 71
1199 71
1197 71
1199 71
1197 71
1199 71
1197 71
1199 71
1197 71
1199 71
1197 71
1199 71
1197 71
1199 71
1197 71
1199 71
1197 71
1199 71
1197 71
1199 71
1197 71
1199 71
1197 71
1199 71
1197 71
1199 71
1197 71
1199 71
1197 71
1199 71
1197 71
1199 71
1197 71
1199 71
1197 71
1199 71
1197 71
1199 71
1197 71
1199 71
1197 71
1199 71
1197 71
1199 71
1197 71
1199 71
1197 71
1199 71
1197 71
1199 71
1197 71
1199 71
1197 71
1199 71
1197 71
1199 71
1197 71
1199 71
1197 71
1199 71
1197 71
1199 71
1197 71
1199 71
1197 71
1199 71
1197 71
1199 71
1197 71
1199 71
1197 71
1199 71
1197 71
1199 71
1197 71
1199 71
1197 71
1199 71
1197 71
1199 71
1197 71
1199 71
1197 71
1199 71
1197 71
1199 71
1197 71
1199 71
1197 71
1199 71
1197 71
1199 71
1197 71
1199 71
1197 71
1199 71
1197 71
1199 71
1197 71
1199 71
1197 71
1199 71
1197 71
1199 71
1197 71
1199 71
1197 71
1199 71
1197 71
1199 71
1197 71
1199 71
1197 71
1199 71
1197 71
1199 71
1197 71
1199 71
1197 71
1199 71
1197 71
1199 71
1197 71
1199 71
1197 71
1199 71
1197 71
1199 71
1197 71
1199 71
1197 71
1199 71
1197 71
1199 71
1197 71
1199 71
1197 71
1199 71
1197 71
1199 71
1197 71
1199 71
1197 71
1199 71
1197 71
1199 71
1197 71
1199 71
1197 71
1199 71
1197 71
1199 71
1197 71
1199 71
1197 71
1199 71
1197 71
1199 71
1197 71
1199 71
1197 71
1199 71
1197 71
1199 71
1197 71
1199 71
1197 71
1199 71
1197 71
1199 71
1197 71
1199 71
1197 71
1199 71
1197 71
1199 71
1197 71
1199 71
1197 71
1199 71
1197 71
1199 71
1197 71
1199 71
1197 71
1199 71
1197 71
1199 71
1197 71
1199 71
1197 71
1199 71
1197 71
1199 71
1197 71
1199 71
1197 71
1199 71
1197 71
1199 71
1197 71
1199 71
1197 71
1199 71
1197 71
1199 71
1197 71
1199 71
1197 71
1199 71
1197 71
1199 71
1197 71
1199 71
1197 71
1199 71
1197 71
1199 71
1197 71
1199 71
1197 71
1199 71
1197 71
1199 71
1197 71
1199 71
1197 71
1199 71
1197 71
1199 71
1197 71
1199 71
1197 71
1199 71
1197 71
1199 71
1197 71
1199 71
1197 71
1199 71
1197 71
1199 71
1197 71
1199 71
1197 71
1199 71
1197 71
1199 71
1197 71
1199 71
1197 71
1199 71
1197 71
1199 71
1197 71
1199 71
1197 71
1199 71
1197 71
1199 71
1197 71
1199 71
1197 71
1199 71
1197 71
1199 71
1197 71
1199 71
1197 71
1199 71
1197 71
1199 71
1197 71
1199 71
1197 71
1199 71
1197 71
1199 71
1197 71
1199 71
1197 71
1199 71
1197 71
1199 71
1197 71
1199 71
1197 71
1199 71
1197 71
1199 71
1197 71
1199 71
1197 71
1199 71
1197 71
1199 71
1197 71
1199 71
1197 71
1199 71
1197 71
1199 71
1197 71
1199 71
1197 71
1199 71
1197 71
1199 71
1197 71
1199 71
1197 71
1199 71
1197 71
1199 71
1197 71
1199 71
1197 71
1199 71
1197 71
1199 71
1197 71
1199 71
1197 71
1199 71
1197 71
1199 71
1197 71
1199 71
1197 71
1199 71
1197 71
1199 71
1197 71
1199 71
1197 71
1199 71
1197 71
1199 71
1197 71
1199 71
1197 71
1199 71
1197 71
1199 71
1197 71
1199 71
1197 71
1199 71
1197 71
1199 71
1197 71
1199 71
1197 71
1199 71
1197 71
1199 71
1197 71
1199 71
1197 71
1199 71
1197 71
1199 71
1197 71
1199 71
1197 71
1199 71
1197 71
1199 71
1197 71
1199 71
1197 71
1199 71
1197 71
1199 71
1197 71
1199 71
1197 71
1199 71
1197 71
1199 71
1197 71
1199 71
1197 71
1199 71
1197 71
1199 71
1197 71
1199 71
1197 71
1199 71
1197 71
1199 71
1197 71
1199 71
1197 71
1199 71
1197 71
1199 71
1197 71
1199 71
1197 71
1199 71
1197 71
1199 71
1197 71
1199 71
1197 71
1199 71
1197 71
1199 71
1197 71
1199 71
1197 71
1199 71
1197 71
1199 71
1197 71
1199 71
1197 71
1199 71
1197 71
1199 71
1197 71
1199 71
1197 71
1199 71
1197 71
1199 71
1197 71
1199 71
1197 71
1199 71
1197 71
1199 71
1197 71
1199 71
1197 71
1199 71
1197 71
1199 71
1197 71
1199 71
1197 71
1199 71
1197 71
1199 71
1197 71
1199 71
1197 71
1199 71
1197 71
1199 71
1197 71
1199 71
1197 71
1199 71
1197 71
1199 71
1197 71
1199 71
1197 71
1199 71
1197 71
1199 71
1197 71
1199 71
1197 71
1199 71
1197 71
1199 71
1197 71
1199 71
1197 71
1199 71
1197 71
1199 71
1197 71
1199 71
1197 71
1199 71
1197 71
1199 71
1197 71
1199 71
1197 71
1199 71
1197 71
1199 71
1197 71
1199 71
1197 71
1199 71
1197 71
1199 71
1197 71
1199 71
1197 71
1199 71
1197 71
1199 71
1197 71
1199 71
1197 71
1199 71
1197 71
1199 71
1197 71
1199 71
1197 71
1199 71
1197 71
1199 71
1197 71
1199 71
1197 71
1199 71
1197 71
1199 71
1197 71
1199 71
1197 71
1199 71
1197 71
1199 71
1197 71
1199 71
1197 71
1199 71
1197 71
1199 71
1197 71
1199 71
1197 71
1199 71
1197 71
1199 71
1197 71
1199 71
1197 71
1199 71
1197 71
1199 71
1197 71
1199 71
1197 71
1199 71
1197 71
1199 71
1197 71
1199 71
1197 71
1199 71
1197 71
1199 71
1197 71
1199 71
1197 71
1199 71
1197 71
1199 71
1197 71
1199 71
1197 71
1199 71
1197 71
1199 71
1197 71
1199 71
1197 71
1199 71
1197 71
1199 71
1197 71
1199 71
1197 71
1199 71
1197 71
1199 71
1197 71
1199 71
1197 71
1199 71
1197 71
1199 71
1197 71
1199 71
1197 71
1199 71
1197 71
1199 71
1197 71
1199 71
1197 71
1199 71
1197 71
1199 71
1197 71
1199 71
1197 71
1199 71
1197 71
1199 71
1197 71
1199 71
1197 71
1199 71
1197 71
1199 71
1197 71
1199 71
1197 71
1199 71
1197 71
1199 71
1197 71
1199 71
1197 71
1199 71
1197 71
1199 71
1197 71
1199 71
1197 71
1199 71
1197 71
1199 71
1197 71
1199 71
1197 71
1199 71
1197 71
1199 71
1197 71
1199 71
1197 71
1199 71
1197 71
1199 71
1197 71
1199 71
1197 71
1199 71
1197 71
1199 71
1197 71
1199 71
1197 71
1199 71
1197 71
1199 71
1197 71
1199 71
1197 71
1199 71
1197 71
1199 71
1197 71
1199 71
1197 71
1199 71
1197 71
1199 71
1197 71
1199 71
1197 71
1199 71
1197 71
1199 71
1197 71
1199 71
1197 71
1199 71
1197 71
1199 71
1197 71
1199 71
1197 71
1199 71
1197 71
1199 71
1197 71
1199 71
1197 71
1199 71
1197 71
1199 71
1197 71
1199 71
1197 71
1199 71
1197 71
1199 71
1197 71
1199 71
1197 71
1199 71
1197 71
1199 71
1197 71
1199 71
1197 71
1199 71
1197 71
1199 71
1197 71
1199 71
1197 71
1199 69
1197 69
1199 69
1197 69
1199 69
1197 69
1199 69
1197 67
1199 69
1197 67
1199 69
1197 67
1199 69
