1426 965
1426 965
1424 965
1422 965
1424 967
1428 965
1430 965
1432 965
1434 965
1434 965
1436 965
1438 965
1440 965
1442 965
1442 963
1442 963
1440 961
1440 963
1440 961
1440 963
1440 961
1442 963
1442 961
1442 963
1442 961
1442 963
1440 961
1440 963
1440 961
1440 963
1440 963
1438 963
1438 963
1438 963
1438 963
1438 963
1438 963
1438 963
1438 963
1438 963
1440 963
1440 963
1440 963
1442 961
1442 963
1442 961
1442 963
1442 961
1442 963
1442 961
1442 963
1442 961
1442 963
1442 961
1442 963
1442 961
1442 963
1442 961
1442 963
1442 961
1442 963
1442 961
1442 963
1442 961
1442 963
1442 961
1442 963
1442 961
1444 963
1444 961
1444 963
1444 961
1444 963
1444 961
1444 963
1444 961
1444 963
1444 961
1444 963
1444 961
1444 963
1444 961
1444 963
1444 961
1444 963
1446 961
1446 963
1446 961
1446 963
1446 961
1446 963
1446 961
1446 963
1446 961
1446 961
1446 961
1446 961
1446 961
1446 961
1446 961
1446 961
1448 961
1448 961
1448 961
1448 961
1448 961
1448 961
1448 961
1448 961
1448 961
1448 961
1448 961
1446 961
1446 961
1444 963
1438 963
1426 965
1408 971
1388 975
1368 979
1344 983
1320 985
1294 987
1266 987
1242 985
1218 983
1194 979
1174 977
1156 977
1140 975
1128 973
1118 977
1112 979
1108 979
1108 981
1110 985
1116 989
1122 991
1132 993
1142 995
1154 995
1166 995
1180 995
1192 995
1206 995
1218 993
1230 993
1240 991
1250 989
1258 989
1266 989
1272 989
1278 989
1284 987
1288 985
1292 987
1294 985
1296 987
1298 985
1300 987
1300 987
1298 987
1296 987
1294 987
1290 987
1284 987
1276 987
1268 989
1260 991
1250 989
1238 991
1224 991
1210 991
1196 991
1180 991
1166 991
1152 991
1138 989
1124 991
1112 987
1102 987
1094 985
1088 985
1082 985
1080 985
1082 985
1084 985
1090 985
1098 987
1108 987
1120 989
1136 991
1152 991
1168 993
1186 995
1204 993
1222 993
1240 991
1256 987
1270 985
1284 985
1296 983
1306 979
1314 975
1320 975
1322 975
1322 975
1320 975
1316 977
1310 981
1300 983
1290 983
1278 985
1264 989
1250 991
1234 991
1218 991
1202 993
1186 995
1170 993
1154 995
1140 991
1126 991
1116 989
1106 991
1098 989
1092 989
1088 989
1086 989
1086 989
1088 989
1092 989
1098 989
1106 991
1116 991
1128 991
1142 991
1156 993
1170 995
1186 993
1202 995
1218 993
1232 993
1248 991
1262 989
1272 989
1284 987
1294 985
1302 985
1308 985
1312 983
1314 981
1314 981
1310 983
1306 981
1300 983
1292 983
1282 985
1272 987
1260 987
1246 989
1232 991
1216 991
1200 993
1186 995
1170 993
1156 995
1142 993
1128 993
1118 993
1108 991
1100 989
1094 991
1088 989
1086 989
1086 989
1088 989
1092 989
1098 991
1106 989
1116 991
1126 991
1140 991
1154 991
1168 993
1182 995
1198 993
1214 993
1230 993
1244 991
1258 989
1270 989
1282 987
1290 985
1300 985
1306 985
1310 983
1312 981
1312 983
1310 981
1306 983
1300 983
1292 983
1284 985
1272 987
1260 987
1248 989
1234 991
1218 991
1202 993
1188 995
1172 993
1158 995
1144 993
1132 993
1120 993
1110 993
1102 991
1094 989
1090 991
1088 989
1086 991
1088 989
1092 991
1098 989
1106 991
1114 991
1126 991
1138 991
1152 991
1166 993
1180 995
1196 993
1212 993
1228 993
1242 991
1256 989
1268 989
1278 989
1288 987
1298 985
1304 985
1310 985
1312 985
1312 985
1312 985
1308 985
1302 985
1294 985
1286 987
1274 987
1262 989
1250 991
1236 991
1222 991
1206 993
1190 995
1176 993
1160 995
1148 993
1134 993
1122 993
1112 993
1104 993
1096 991
1092 989
1088 991
1088 989
1088 991
1092 989
1098 991
1104 991
1114 991
1124 991
1136 991
1150 993
1164 995
1178 993
1192 995
1210 993
1224 993
1238 993
1252 991
1264 989
1276 989
1286 987
1294 985
1302 985
1308 985
1310 985
1312 983
1310 983
1308 983
1302 983
1294 985
1286 987
1276 987
1264 989
1252 991
1238 991
1224 991
1208 993
1194 995
1178 993
1164 995
1150 993
1136 995
1124 993
1114 993
1106 993
1098 993
1092 993
1090 991
1088 991
1090 991
1092 991
1096 991
1104 991
1112 991
1122 993
1134 995
1148 993
1160 995
1174 993
1190 995
1206 993
1220 993
1236 993
1250 991
1262 989
1274 989
1284 989
1292 987
1300 985
1306 985
1310 985
1310 985
1310 985
1308 985
1302 985
1296 987
1288 985
1278 989
1266 991
1254 989
1242 993
1226 993
1212 995
1196 993
1182 995
1166 995
1152 993
1140 993
1128 993
1116 993
1108 993
1100 993
1094 993
1090 993
1090 993
1090 993
1092 993
1096 993
1104 993
1112 993
1122 995
1132 993
1146 995
1158 995
1172 995
1186 995
1202 995
1218 993
1232 993
1246 993
1258 991
1270 989
1280 989
1290 989
1298 989
1304 987
1308 985
1310 985
1308 985
1306 985
1302 987
1296 987
1288 987
1278 987
1268 989
1256 991
1242 991
1228 991
1214 993
1198 995
1184 993
1168 995
1154 995
1142 993
1130 995
1118 993
1110 993
1102 993
1096 993
1092 993
1090 993
1090 993
1092 993
1096 993
1102 993
1110 993
1120 995
1130 993
1142 995
1156 995
1170 995
1184 995
1200 995
1214 993
1230 995
1244 991
1256 991
1268 989
1278 989
1288 989
1296 989
1302 987
1306 985
1308 987
1308 985
1306 987
1302 985
1296 987
1288 987
1280 989
1268 991
1258 991
1244 991
1230 993
1216 995
1202 995
1186 995
1172 995
1158 995
1144 993
1132 995
1120 993
1112 993
1104 993
1098 993
1094 993
1092 993
1092 993
1094 993
1096 993
1102 993
1110 993
1118 995
1130 993
1142 995
1154 995
1168 995
1182 995
1198 995
1214 995
1228 993
1242 993
1254 993
1266 991
1276 989
1286 989
1294 989
1300 987
1304 985
1308 987
1308 985
1306 987
1302 985
1296 987
1290 987
1280 989
1270 991
1260 991
1248 991
1234 993
1218 995
1204 995
1190 995
1174 995
1160 995
1148 995
1136 993
1124 995
1114 993
1106 993
1100 993
1096 993
1092 993
1092 993
1094 993
1098 993
1102 993
1110 993
1118 995
1128 993
1140 995
1152 995
1166 995
1180 995
1194 995
1210 995
1224 993
1238 993
1252 993
1264 991
1274 989
1284 989
1292 989
1298 987
1304 985
1306 987
1306 985
1306 987
1302 985
1298 987
1290 987
1282 989
1272 991
1260 991
1248 991
1236 993
1222 995
1206 995
1192 995
1178 995
1164 995
1150 995
1138 993
1126 995
1116 993
1108 995
1102 993
1096 993
1094 993
1092 993
1094 993
1096 993
1102 993
1108 993
1116 995
1126 995
1138 995
1150 995
1164 995
1178 995
1192 995
1208 995
1222 993
1236 995
1250 991
1262 991
1272 989
1282 991
1290 987
1296 987
1302 985
1306 987
1306 985
1306 987
1302 985
1298 987
1292 987
1284 989
1274 991
1262 991
1250 991
1238 993
1224 995
1210 995
1194 995
1180 995
1166 995
1152 995
1140 995
1128 993
1118 995
1110 993
1104 993
1098 993
1096 993
1094 993
1094 993
1098 993
1102 993
1108 993
1116 995
1126 993
1136 995
1150 995
1162 995
1176 995
1190 995
1206 995
1220 993
1234 993
1246 993
1258 991
1270 989
1280 989
1288 989
1294 989
1300 987
1304 985
1306 987
1304 985
1302 987
1298 987
1292 987
1284 987
1274 989
1264 991
1252 991
1240 991
1226 993
1212 995
1198 995
1182 995
1168 995
1156 995
1142 995
1132 993
1120 995
1112 993
1106 993
1100 993
1096 993
1094 993
1094 993
1098 993
1102 993
1108 993
1116 995
1124 993
1136 995
1148 995
1160 995
1174 995
1188 995
1202 995
1218 993
1232 993
1244 993
1256 993
1268 991
1278 989
1286 989
1294 989
1300 989
1302 987
1304 985
1304 987
1302 985
1298 987
1292 987
1284 987
1276 989
1266 991
1254 991
1242 991
1228 993
1214 995
1200 995
1186 995
1172 995
1158 995
1146 995
1134 993
1124 995
1114 993
1108 993
1102 993
1098 993
1096 993
1096 993
1098 993
1102 993
1108 993
1114 995
1124 993
1134 995
1146 995
1158 995
1172 995
1186 995
1200 995
1216 993
1228 995
1242 991
1254 991
1266 989
1276 991
1284 987
1292 987
1298 987
1302 985
1304 987
1304 985
1302 987
1298 987
1292 987
1286 987
1278 989
1268 991
1256 991
1244 991
1230 993
1216 995
1202 995
1188 995
1174 995
1160 995
1148 995
1136 993
1126 995
1116 993
1110 993
1104 993
1100 993
1098 993
1098 993
1098 993
1102 993
1108 993
1114 995
1122 993
1134 995
1144 995
1156 995
1170 995
1184 995
1198 995
1212 995
1226 993
1240 993
1252 993
1264 991
1274 989
1282 989
1290 989
1296 989
1300 989
1302 987
1302 985
1302 987
1298 987
1292 987
1286 987
1278 989
1268 991
1258 991
1246 991
1232 993
1218 995
1204 995
1190 995
1176 995
1164 995
1150 995
1138 995
1128 993
1118 995
1110 993
1104 993
1100 993
1098 993
1098 993
1098 993
1102 993
1106 993
1114 993
1122 995
1132 993
1142 995
1154 995
1168 995
1180 995
1194 995
1210 993
1224 995
1236 991
1250 991
1260 989
1270 991
1280 989
1288 989
1294 989
1298 989
1300 989
1302 987
1300 985
1298 989
1292 989
1286 989
1278 991
1268 989
1258 993
1246 993
1234 995
1220 993
1206 995
1192 995
1178 995
1164 995
1152 995
1140 993
1130 995
1120 993
1112 993
1106 993
1102 993
1098 993
1098 993
1098 993
1102 993
1106 993
1112 995
1120 993
1130 995
1140 995
1152 995
1164 995
1178 995
1192 995
1206 993
1220 995
1234 993
1246 993
1258 993
1268 991
1278 989
1284 989
1290 989
1296 989
1298 989
1300 989
1300 989
1296 989
1292 989
1286 989
1278 991
1270 989
1260 991
1248 991
1236 993
1222 995
1208 995
1194 995
1180 995
1166 995
1154 995
1142 995
1132 993
1122 995
1114 993
1108 993
1102 993
1100 993
1098 993
1098 993
1102 993
1106 993
1112 993
1120 995
1128 995
1138 995
1150 995
1162 995
1176 995
1190 995
1204 995
1218 993
1230 995
1244 991
1256 991
1266 989
1276 991
1284 987
1290 987
1294 987
1298 987
1300 987
1298 987
1296 987
1292 987
1286 987
1280 989
1270 991
1260 991
1250 991
1238 991
1224 993
1210 995
1196 995
1182 995
1170 995
1156 995
1144 995
1134 993
1124 995
1116 993
1110 993
1104 993
1100 993
1100 993
1100 993
1102 993
1106 993
1112 993
1118 995
1128 993
1138 995
1150 995
1162 995
1174 995
1188 995
1202 995
1216 993
1228 995
1242 991
1254 991
1264 989
1274 991
1282 989
1288 989
1294 989
1298 989
1298 989
1298 989
1296 989
1292 989
1288 989
1280 991
1272 989
1262 991
1252 991
1240 993
1226 995
1214 995
1200 995
1186 995
1172 995
1160 995
1148 995
1138 995
1126 995
1118 993
1112 995
1106 993
1102 993
1100 993
1100 993
1102 993
1106 995
1112 993
1118 995
1126 995
1136 995
1148 995
1160 995
1172 995
1186 995
1200 995
1214 995
1226 993
1240 993
1252 993
1262 993
1272 991
1280 989
1286 989
1292 989
1296 989
1298 989
1298 989
1296 989
1292 989
1288 989
1282 991
1274 989
1264 993
1254 993
1242 995
1230 993
1216 995
1202 995
1188 995
1176 995
1162 995
1150 995
1140 995
1130 993
1120 995
1114 993
1108 993
1104 995
1102 993
1102 993
1104 995
1106 993
1112 995
1118 993
1126 995
1136 995
1146 995
1158 995
1170 995
1184 995
1198 995
1212 995
1224 993
1238 993
1250 993
1260 993
1270 991
1278 989
1286 989
1290 989
1294 989
1296 989
1298 989
1296 989
1294 989
1288 989
1282 991
1274 989
1264 991
1254 991
1244 991
1232 993
1218 995
1204 995
1192 995
1178 995
1166 995
1154 995
1142 995
1132 993
1124 995
1116 993
1110 995
1106 993
1104 993
1104 995
1104 993
1108 995
1112 993
1118 995
1126 995
1134 995
1146 995
1158 995
1170 995
1182 995
1196 995
1210 995
1224 993
1236 995
1248 991
1258 991
1268 989
1276 991
1284 989
1290 989
1294 989
1296 989
1298 989
1296 989
1294 989
1290 989
1284 991
1276 989
1266 993
1256 993
1246 993
1234 995
1220 995
1208 995
1194 995
1180 995
1168 995
1156 995
1146 995
1134 995
1126 995
1118 993
1112 995
1108 993
1106 995
1104 993
1106 995
1108 993
1112 995
1118 995
1126 995
1134 995
1146 995
1156 995
1168 995
1180 995
1194 995
1208 995
1222 995
1234 993
1246 993
1256 993
1266 993
1276 991
1282 989
1288 991
1294 989
1296 989
1296 989
1296 989
1294 989
1290 989
1284 991
1276 989
1268 993
1258 993
1248 995
1236 993
1222 997
1210 997
1196 997
1182 997
1170 997
1158 997
1148 997
1136 997
1128 997
1120 995
1114 993
1108 995
1106 993
1104 995
1106 993
1108 995
1112 993
1118 995
1124 995
1134 995
1144 995
1154 995
1166 995
1178 995
1192 995
1206 995
1218 995
1232 993
1244 993
1254 993
1264 993
1274 991
1280 989
1286 989
1292 989
1294 989
1296 989
1296 989
1294 989
1290 989
1284 991
1276 989
1268 991
1258 991
1248 991
1236 993
1224 995
1212 995
1198 995
1186 995
1172 995
1160 995
1150 995
1138 995
1130 993
1122 995
1116 993
1110 995
1106 993
1106 995
1106 993
1108 995
1112 993
1118 995
1124 995
1132 995
1142 995
1154 995
1164 995
1176 997
1190 997
1204 997
1216 997
1228 997
1240 995
1252 991
1262 991
1270 991
1278 989
1284 989
1288 989
1292 989
1294 989
1294 989
1292 989
1288 989
1282 989
1276 989
1268 989
1258 991
1248 989
1238 991
1226 991
