1424.5 961.75
1424.5 961.75
1422.5 961.75
1419.5 961.75
1421.5 963.75
1426.5 962.75
1427.5 962.25
1430.5 962.25
1431.5 962.25
1433.0 962.25
1434.5 962.25
1435.5 962.25
1437.5 962.25
1440.5 962.25
1440.5 961.25
1440.5 960.75
1439.5 960.75
1438.5 960.75
1437.5 960.75
1438.5 960.75
1438.5 960.75
1439.5 960.75
1439.5 960.75
1439.5 960.75
1439.5 960.75
1439.5 960.75
1438.5 960.75
1437.5 960.75
1438.5 960.75
1437.5 960.75
1438.5 961.25
1436.5 961.25
1436.5 961.25
1436.5 962.25
1436.5 961.75
1436.5 962.25
1437.5 961.75
1436.5 962.25
1437.5 961.75
1436.5 961.75
1438.5 961.25
1437.5 961.25
1438.5 960.75
1439.5 960.75
1440.5 960.75
1441.5 960.75
1440.5 960.75
1441.5 960.75
1440.5 960.75
1440.5 960.75
1440.5 960.75
1441.5 960.75
1440.5 960.75
1441.5 960.75
1440.5 960.75
1441.5 960.75
1440.5 960.75
1441.5 960.75
1440.5 960.75
1441.5 960.75
1440.5 960.75
1441.5 960.75
1440.5 960.75
1441.5 960.75
1440.5 960.75
1441.5 960.75
1440.5 960.75
1442.0 960.75
1442.5 960.75
1442.5 960.75
1442.5 960.75
1442.5 960.75
1442.5 960.75
1442.5 960.75
1442.5 960.75
1442.5 960.75
1442.5 960.75
1442.5 960.75
1442.5 960.75
1442.5 960.75
1442.5 960.75
1442.5 960.75
1442.5 960.75
1442.5 960.75
1443.5 960.75
1445.0 960.75
1445.0 960.75
1445.0 960.75
1445.0 960.75
1445.0 960.75
1445.0 960.75
1445.0 960.25
1445.0 960.75
1445.0 960.25
1445.0 960.25
1445.0 960.25
1445.0 960.25
1445.0 960.25
1445.0 960.25
1445.0 960.25
1445.5 960.25
1446.5 960.25
1446.5 960.25
1446.5 960.25
1446.5 960.25
1446.5 960.25
1446.5 960.25
1446.5 960.25
1446.5 960.25
1446.5 960.25
1446.5 960.25
1446.5 960.25
1445.0 960.25
1445.0 960.25
1443.0 961.25
1437.0 962.25
1425.0 964.75
1408.0 970.25
1389.0 973.75
1367.5 978.25
1344.0 982.75
1318.5 984.75
1292.5 986.25
1266.5 985.75
1242.0 984.75
1217.0 982.75
1194.0 979.25
1172.5 977.25
1155.0 975.25
1140.0 973.25
1127.0 973.75
1118.0 975.25
1112.0 976.25
1108.0 977.75
1108.5 980.25
1110.0 984.25
1114.5 987.25
1121.5 989.75
1131.0 992.25
1142.0 994.25
1153.5 994.75
1166.0 994.75
1178.5 995.25
1191.5 995.25
1206.0 994.25
1218.5 993.25
1229.0 991.75
1240.0 989.75
1250.5 989.25
1258.0 988.25
1266.5 988.25
1272.0 987.25
1277.5 986.75
1284.0 986.25
1288.5 984.75
1292.0 985.75
1294.5 985.25
1296.5 985.75
1298.0 985.25
1299.5 985.75
1299.5 986.25
1298.0 986.25
1296.5 986.25
1294.0 986.25
1288.5 986.75
1284.0 986.75
1276.5 987.25
1268.0 988.25
1260.5 988.75
1250.0 989.25
1237.5 989.75
1224.0 990.25
1210.5 990.75
1196.0 990.75
1179.5 991.25
1166.0 991.25
1152.5 991.25
1138.0 989.75
1123.5 990.25
1112.0 987.25
1101.5 986.25
1094.0 986.25
1087.0 984.75
1082.0 984.25
1080.5 984.25
1082.0 984.25
1083.5 984.25
1090.0 984.75
1098.5 986.25
1108.0 986.75
1119.5 988.75
1135.0 990.75
1151.0 991.75
1168.0 992.25
1185.0 993.75
1204.0 991.75
1222.5 991.25
1239.0 989.25
1255.0 986.75
1270.0 984.75
1284.0 983.25
1295.5 981.25
1306.0 978.25
1313.0 975.25
1319.0 974.75
1321.5 974.25
1322.0 974.75
1319.5 974.75
1316.0 976.75
1309.5 978.75
1300.0 980.75
1290.5 983.25
1278.0 985.25
1264.5 986.75
1250.0 988.75
1234.0 990.75
1217.5 990.75
1202.0 992.25
1185.5 992.75
1169.0 993.25
1154.5 992.75
1140.0 991.25
1125.5 991.25
1114.5 989.25
1104.5 988.75
1097.0 988.25
1090.5 987.75
1086.0 987.75
1084.5 987.75
1085.0 987.75
1086.5 987.75
1091.5 987.75
1098.0 987.75
1106.5 989.75
1116.0 988.75
1127.5 990.75
1141.0 990.75
1155.5 991.25
1170.5 993.25
1185.0 992.25
1202.0 992.75
1216.5 991.75
1232.5 991.75
1247.0 989.75
1260.5 987.25
1272.5 987.25
1283.0 985.25
1292.5 984.25
1301.0 983.75
1306.5 982.25
1310.5 980.75
1312.5 980.25
1313.0 979.75
1310.0 980.25
1305.5 980.75
1300.0 981.25
1292.0 982.75
1282.5 984.25
1270.5 984.75
1259.0 987.25
1245.5 989.25
1230.5 988.75
1215.5 991.25
1200.0 991.75
1184.0 993.75
1169.0 992.25
1154.5 993.25
1140.5 991.75
1128.5 991.75
1116.5 991.75
1107.0 989.75
1098.5 988.25
1093.0 989.25
1088.0 987.75
1086.5 987.75
1086.0 987.75
1088.0 987.75
1092.0 987.75
1098.0 989.25
1105.0 988.75
1115.0 989.25
1126.0 990.25
1139.0 990.25
1153.0 990.25
1167.0 991.75
1182.0 993.25
1197.5 992.25
1214.0 991.75
1229.0 991.25
1244.0 989.25
1258.0 988.25
1269.5 987.75
1280.5 985.75
1290.5 984.25
1299.0 983.75
1305.5 983.25
1310.0 981.25
1311.5 980.25
1312.0 981.25
1309.5 980.25
1306.0 981.75
1299.5 981.75
1292.0 982.25
1283.0 983.75
1271.5 985.25
1260.0 986.25
1247.5 987.75
1233.5 989.25
1218.0 990.25
1202.0 990.75
1187.0 992.25
1171.5 992.25
1157.5 992.25
1144.0 991.25
1131.0 991.25
1119.5 991.25
1109.5 990.25
1100.5 988.75
1094.5 988.75
1089.5 988.75
1086.5 988.75
1085.5 988.75
1088.0 988.75
1092.0 988.75
1098.0 988.75
1104.5 988.75
1114.0 989.75
1124.5 989.75
1137.5 990.25
1150.5 990.25
1164.5 991.75
1180.0 992.75
1195.5 991.75
1212.0 991.25
1227.0 990.75
1241.0 989.25
1254.5 988.25
1266.5 987.25
1277.5 986.75
1288.0 985.25
1297.0 984.25
1303.5 983.25
1308.5 982.25
1312.0 982.25
1312.0 982.25
1311.0 982.25
1307.0 982.25
1301.0 982.75
1294.0 982.75
1284.5 984.25
1274.0 985.75
1261.5 986.75
1249.5 988.25
1235.5 989.75
1221.0 990.25
1206.0 990.75
1189.5 992.25
1174.5 992.25
1159.5 992.25
1146.5 991.75
1134.0 991.75
1121.5 990.75
1112.0 991.25
1103.0 990.25
1096.0 988.75
1090.5 988.75
1087.5 988.75
1087.5 988.75
1088.0 988.75
1091.5 988.75
1097.0 988.75
1104.0 989.25
1113.5 989.75
1123.0 989.75
1135.0 990.25
1148.5 990.75
1163.0 992.25
1177.0 992.25
1192.0 992.25
1209.0 991.25
1223.0 990.75
1237.5 990.75
1251.5 988.25
1264.0 987.25
1275.0 986.75
1285.0 985.25
1294.0 984.25
1301.0 983.25
1307.5 982.75
1310.0 981.75
1310.5 980.75
1309.0 981.25
1307.0 981.75
1301.5 981.75
1294.0 982.75
1285.0 984.25
1276.0 985.25
1264.0 986.75
1252.0 988.25
1238.0 988.75
1223.0 989.75
1207.5 990.75
1192.5 992.25
1177.0 992.25
1163.5 992.25
1149.5 991.75
1136.0 991.25
1124.5 991.25
1114.0 990.75
1105.0 989.75
1098.0 989.25
1092.0 989.75
1090.0 988.75
1087.5 989.25
1089.5 988.75
1092.0 989.25
1096.5 988.75
1103.5 989.25
1112.0 989.25
1122.0 990.75
1133.0 990.75
1147.0 990.75
1160.0 992.25
1173.5 992.25
1189.5 992.25
1205.5 991.75
1220.0 990.75
1236.0 989.75
1249.0 988.75
1261.5 987.25
1273.0 986.75
1283.5 985.75
1291.5 984.75
1299.5 983.25
1305.5 982.75
1309.0 982.25
1309.5 981.25
1309.5 981.75
1306.5 982.75
1301.0 982.25
1296.0 983.25
1287.5 983.75
1277.5 985.25
1265.0 986.75
1254.0 987.75
1240.5 989.25
1226.0 990.25
1211.0 991.25
1195.0 990.25
1180.5 992.25
1166.0 992.75
1151.5 990.75
1139.5 991.25
1127.5 990.75
1116.0 990.75
1107.0 989.75
1099.5 989.25
1094.0 989.75
1090.5 989.25
1089.5 989.75
1090.0 989.25
1091.5 989.75
1096.5 989.25
1103.5 989.75
1111.5 989.75
1121.5 991.25
1131.5 990.25
1145.5 991.25
1158.0 992.25
1171.5 992.75
1186.5 992.25
1202.5 992.75
1217.5 990.25
1232.0 990.25
1246.0 989.25
1258.0 987.75
1269.5 986.75
1280.0 986.75
1290.0 985.75
1297.0 985.25
1304.0 983.75
1308.0 982.75
1310.0 981.75
1308.0 981.25
1306.5 982.25
1302.0 983.25
1296.0 983.75
1288.0 984.25
1278.5 985.25
1267.5 986.25
1255.5 988.25
1242.0 988.75
1228.5 989.75
1214.0 990.75
1197.5 991.75
1183.5 991.75
1168.0 992.75
1154.5 992.25
1141.5 990.75
1129.5 991.75
1118.0 990.75
1110.0 990.25
1101.5 989.25
1096.0 989.75
1092.5 989.25
1090.0 989.75
1089.5 989.25
1092.0 989.75
1096.5 989.25
1102.0 989.75
1109.5 990.25
1120.0 991.25
1130.5 990.25
1142.5 991.25
1156.0 992.25
1169.5 992.75
1184.0 992.25
1200.5 992.75
1214.0 990.25
1229.0 991.25
1244.0 988.25
1256.5 988.25
1268.0 986.75
1278.5 986.25
1287.5 985.25
1295.5 985.25
1301.5 983.75
1306.0 982.25
1307.5 982.25
1308.0 982.25
1305.5 982.25
1302.0 982.75
1295.5 982.75
1288.0 984.75
1279.0 986.25
1267.5 987.25
1257.0 987.75
1243.5 988.25
1230.0 990.25
1216.5 991.25
1201.5 991.75
1186.0 991.75
1171.5 992.25
1157.5 992.25
1144.0 990.75
1132.5 991.75
1120.0 990.75
1112.5 990.25
1104.0 989.25
1098.5 989.75
1094.0 989.25
1091.5 989.75
1091.5 989.25
1093.0 989.75
1095.5 989.25
1102.0 989.75
1110.0 990.25
1118.5 991.25
1129.5 990.25
1141.5 991.25
1154.0 992.25
1167.5 992.75
1182.0 992.25
1197.5 992.25
1212.5 992.25
1227.0 990.75
1240.5 989.75
1253.5 989.25
1266.0 987.75
1275.5 986.75
1285.5 985.75
1294.0 985.25
1299.5 983.75
1304.0 982.75
1306.0 982.75
1307.0 982.25
1305.5 983.25
1302.0 982.25
1295.5 983.25
1289.5 984.25
1280.0 986.25
1270.5 987.25
1259.0 987.75
1247.0 988.25
1232.5 990.25
1217.5 991.25
1204.0 991.75
1189.5 991.75
1174.0 992.25
1159.5 992.75
1147.0 991.75
1135.0 990.25
1123.5 991.25
1114.0 990.25
1106.0 989.75
1099.5 989.75
1094.5 989.25
1092.5 989.75
1092.0 989.25
1093.5 989.75
1096.5 989.25
1102.5 989.75
1109.0 990.25
1117.5 991.25
1128.0 991.25
1140.0 991.75
1152.5 992.25
1166.0 992.75
1179.5 992.25
1194.0 992.75
1210.5 992.25
1224.0 990.75
1237.5 989.75
1251.0 989.25
1263.0 987.75
1273.5 986.75
1283.0 985.75
1291.0 985.25
1297.5 983.75
1303.0 982.75
1305.5 983.25
1306.0 982.25
1305.0 983.25
1302.5 982.25
1297.5 983.25
1290.0 984.25
1281.5 986.25
1272.0 987.25
1260.5 987.75
1248.0 988.25
1235.5 990.25
1221.0 991.25
1205.5 991.75
1191.5 991.75
1177.0 992.25
1162.5 992.75
1149.5 992.25
1137.5 990.75
1125.5 991.75
1116.0 990.75
1108.0 991.75
1101.0 990.25
1095.5 989.75
1093.5 989.75
1092.0 989.25
1093.5 989.75
1096.0 989.25
1102.0 989.75
1108.5 989.25
1116.0 991.75
1126.5 991.75
1138.0 991.75
1150.5 992.25
1164.0 992.75
1177.5 992.25
1192.0 992.25
1208.5 992.25
1222.0 990.75
1235.5 991.25
1249.0 988.25
1260.5 988.25
1271.5 986.75
1281.5 987.25
1290.0 984.25
1295.5 984.25
1301.5 982.75
1305.0 983.75
1306.5 982.25
1305.0 983.25
1301.5 982.25
1297.0 983.75
1291.5 984.25
1283.0 986.25
1273.5 987.25
1262.0 987.75
1249.5 988.25
1237.5 990.25
1223.5 991.25
1209.0 991.75
1194.0 992.25
1179.5 992.75
1166.0 992.25
1153.0 992.25
1140.0 992.25
1128.5 990.75
1118.0 991.75
1109.5 990.25
1103.5 989.75
1098.0 989.75
1095.5 989.25
1094.0 989.75
1094.5 989.25
1097.0 989.75
1101.5 989.25
1108.0 990.75
1116.5 990.75
1126.0 990.75
1135.5 991.25
1149.0 991.75
1161.5 992.25
1176.0 992.75
1190.5 992.25
1205.5 992.25
1220.0 990.75
1234.0 990.75
1245.5 988.75
1258.0 988.25
1269.5 986.75
1280.0 986.75
1288.5 984.75
1294.0 984.75
1299.5 984.25
1304.0 982.75
1305.5 983.75
1304.0 982.75
1302.5 983.75
1298.0 984.25
1292.5 984.25
1284.0 985.25
1274.5 986.75
1264.0 987.75
1251.5 988.25
1240.0 989.75
1225.5 990.75
1212.0 991.75
1198.0 991.75
1181.5 992.25
1168.0 992.75
1156.0 992.25
1143.0 992.25
1131.5 991.25
1121.0 991.25
1112.0 991.25
1106.0 990.25
1099.5 989.75
1096.0 990.25
1094.5 989.75
1094.5 990.25
1097.5 989.75
1102.0 990.25
1107.5 990.75
1115.5 990.75
1124.0 991.25
1135.5 991.75
1148.0 991.75
1159.5 992.25
1174.0 992.75
1188.5 992.25
1202.5 992.25
1217.0 991.75
1232.0 990.25
1244.5 989.75
1256.0 989.25
1268.0 988.25
1278.0 986.75
1285.5 986.25
1293.5 985.25
1299.5 985.25
1303.0 984.25
1304.0 983.25
1303.5 984.25
1302.0 983.25
1298.5 984.25
1292.0 984.25
1283.5 985.25
1275.5 986.25
1265.5 987.75
1254.0 988.25
1241.5 989.25
1228.0 990.25
1214.5 991.75
1200.0 992.25
1185.5 992.75
1172.0 992.25
1158.5 992.75
1146.0 992.25
1134.5 991.25
1124.0 991.75
1113.5 990.75
1107.5 990.25
1102.0 989.75
1098.5 990.25
1096.0 989.75
1095.5 990.25
1098.0 989.75
1102.5 990.25
1108.0 990.25
1115.0 991.25
1124.0 990.75
1133.5 991.75
1146.0 991.75
1157.5 992.25
1172.0 993.25
1186.5 992.75
1200.0 992.25
1215.0 991.25
1228.0 992.25
1241.5 989.25
1254.0 988.25
1265.5 987.25
1276.0 987.75
1284.5 985.25
1292.0 984.75
1298.5 984.25
1302.0 983.25
1304.5 984.25
1304.0 983.25
1302.5 984.25
1298.0 983.75
1292.5 984.25
1286.0 985.25
1277.0 986.25
1267.0 987.75
1256.0 988.25
1243.5 989.25
1230.0 990.25
1216.5 991.75
1202.0 991.75
1187.5 992.25
1174.0 992.75
1160.5 992.25
1148.0 992.25
1136.5 991.25
1126.0 992.25
1115.5 990.75
1110.0 990.25
1104.5 989.75
1100.0 990.25
1098.5 989.75
1097.5 990.25
1098.5 989.75
1102.0 990.25
1108.5 989.75
1114.0 991.25
1122.0 990.75
1133.0 991.75
1144.0 991.75
1157.0 992.25
1169.5 992.75
1183.5 992.25
1198.5 992.75
1212.5 992.25
1226.0 991.25
1239.0 990.25
1252.0 989.25
1263.5 988.25
1273.5 987.25
1282.0 986.25
1289.5 985.75
1296.0 985.25
1300.5 984.75
1302.0 983.75
1302.0 983.75
1301.5 983.75
1298.0 984.25
1292.0 984.25
1286.5 985.25
1278.0 986.25
1268.5 987.75
1258.0 988.25
1245.5 989.25
1232.0 990.25
1218.5 991.75
1204.5 992.25
1190.5 993.25
1176.0 992.75
1163.5 993.25
1150.5 992.25
1138.5 992.25
1128.0 991.25
1118.5 992.25
1110.5 990.75
1105.0 990.25
1101.0 989.75
1098.0 990.25
1097.5 989.75
1099.0 990.25
1102.5 989.75
1107.0 990.25
1113.0 990.25
1122.0 991.75
1131.5 990.75
1142.5 991.75
1154.5 992.25
1168.0 993.25
1180.5 992.75
1195.0 993.25
1210.5 991.75
1223.5 991.75
1236.5 989.75
1249.5 989.25
1260.0 987.75
1271.0 987.75
1280.5 987.25
1287.5 986.25
1294.5 985.75
1298.5 985.75
1301.0 984.75
1302.5 983.75
1300.5 983.75
1298.0 984.75
1292.5 984.75
1286.0 985.75
1278.0 986.75
1268.5 987.25
1259.0 988.75
1247.5 989.75
1234.0 990.75
1220.5 991.25
1207.0 992.25
1193.5 992.75
1179.0 992.75
1164.5 993.25
1153.0 992.25
1140.5 991.25
1130.0 992.25
1120.5 991.25
1113.0 990.75
1106.5 990.75
1102.5 990.75
1099.0 990.75
1098.5 990.75
1099.0 990.75
1102.5 990.75
1107.0 990.75
1112.5 991.75
1121.0 991.25
1130.5 992.75
1141.0 992.25
1153.5 992.75
1165.0 992.75
1179.5 993.25
1193.0 992.25
1206.5 992.25
1221.0 991.75
1234.5 991.25
1247.0 990.25
1258.5 989.25
1269.0 987.75
1278.5 987.25
1285.5 986.25
1292.0 985.75
1297.0 984.75
1299.5 985.25
1301.5 984.75
1300.5 985.25
1297.5 984.75
1292.5 985.25
1287.0 985.75
1279.5 986.75
1270.5 987.25
1260.0 988.25
1248.5 989.25
1236.5 990.25
1223.0 991.75
1210.0 992.25
1195.5 992.75
1181.0 992.75
1167.5 993.25
1156.0 992.75
1143.5 992.75
1133.5 991.25
1123.0 992.25
1114.5 991.25
1109.0 990.75
1104.0 990.75
1101.0 990.75
1098.5 990.75
1099.5 990.75
1102.5 990.75
1107.0 990.75
1112.5 990.75
1121.0 992.75
1128.5 992.25
1139.5 992.75
1152.0 992.25
1164.0 993.25
1177.0 993.25
1190.5 993.25
1205.0 992.25
1219.5 991.75
1231.5 991.25
1245.0 989.25
1256.5 988.25
1267.0 987.75
1276.5 988.25
1284.0 985.75
1291.0 985.25
1296.0 984.75
1299.0 985.25
1301.0 984.75
1299.0 985.25
1297.5 984.75
1293.5 985.25
1287.5 985.25
1279.5 986.75
1271.5 988.25
1261.0 989.25
1250.5 989.25
1238.5 989.75
1225.0 991.75
1212.0 992.75
1197.5 992.75
1183.0 993.25
1170.5 993.25
1157.5 993.25
1146.0 992.75
1135.0 991.75
1124.5 992.25
1116.5 991.25
1110.5 991.25
1105.0 991.25
1102.0 990.75
1100.0 990.75
1100.0 990.75
1102.5 990.75
1107.0 990.75
1112.5 991.75
1119.5 992.25
1128.5 991.75
1138.5 992.25
1150.0 992.75
1162.5 993.25
1175.0 993.25
1188.0 993.25
1202.5 993.25
1216.0 991.25
1229.0 992.25
1242.0 989.75
1253.5 989.25
1264.5 987.25
1274.0 987.75
1281.5 987.25
1288.5 986.75
1294.0 986.75
1297.5 986.25
1299.5 985.25
1300.0 985.75
1297.5 985.25
1293.0 985.75
1288.0 985.75
1280.5 987.25
1272.0 987.75
1262.5 989.25
1252.0 989.25
1239.5 990.75
1227.5 992.25
1213.5 993.25
1200.0 992.75
1186.5 993.25
1173.0 993.25
1160.5 993.25
1148.5 992.75
1138.0 993.25
1127.0 992.75
1118.0 991.25
1112.5 992.25
1106.5 991.25
1103.0 991.25
1100.5 991.25
1101.0 991.25
1102.5 991.25
1106.5 992.25
1112.0 991.25
1118.5 992.25
1127.0 993.25
1136.5 992.75
1149.0 993.25
1160.5 993.25
1173.0 993.25
1186.0 993.25
1200.0 992.75
1214.5 993.25
1227.0 991.25
1239.5 991.75
1252.0 990.25
1262.5 989.75
1272.0 987.75
1279.5 987.75
1287.0 986.75
1292.5 986.25
1296.5 986.25
1298.5 986.25
1298.5 985.75
1297.0 986.25
1293.5 985.75
1288.5 986.75
1282.0 988.25
1273.0 987.25
1264.0 990.25
1254.5 990.25
1242.0 991.75
1230.0 991.25
1216.0 993.25
1202.5 993.25
1189.0 993.25
1176.5 993.25
1163.0 993.25
1151.5 993.25
1140.0 992.75
1130.0 991.75
1121.0 992.25
1114.5 991.25
1108.5 991.75
1104.5 991.75
1102.5 991.25
1102.0 991.75
1104.5 991.75
1107.0 991.75
1112.5 991.75
1118.5 992.25
1126.5 992.25
1136.0 993.25
1146.5 992.75
1159.0 993.25
1170.5 993.25
1184.0 993.25
1197.5 993.25
1212.0 992.75
1225.0 991.25
1237.5 991.75
1250.0 990.75
1260.0 990.25
1270.5 989.25
1278.5 987.75
1286.0 987.25
1291.5 986.75
1295.0 986.75
1298.0 986.75
1298.0 986.25
1297.0 986.25
1293.5 986.25
1289.0 986.25
1282.0 987.75
1274.0 987.25
1264.5 989.25
1255.0 989.25
1244.5 990.25
1232.0 991.75
1218.5 993.25
1205.5 993.25
1192.5 993.25
1178.5 993.25
1166.0 993.25
1154.5 993.25
1142.5 993.25
1132.0 992.25
1123.5 993.25
1116.0 991.25
1109.5 992.25
1106.0 991.25
1103.5 991.75
1104.0 991.75
1104.0 991.75
1107.5 991.75
1112.0 991.75
1117.5 992.75
1126.0 992.75
1135.0 993.25
1146.0 992.75
1158.5 993.25
1170.0 993.25
1182.5 993.25
1196.0 993.25
1209.5 992.75
1224.0 992.25
1236.5 991.75
1248.0 990.25
1258.5 990.25
1268.0 988.25
1275.5 987.75
1284.0 987.75
1289.5 986.75
1294.0 986.75
1296.0 986.75
1298.5 986.75
1296.0 986.75
1293.5 986.75
1290.0 986.75
1283.5 988.75
1276.0 987.25
1266.0 990.25
1256.5 990.25
1246.0 990.75
1233.5 991.75
1220.0 992.75
1208.5 993.25
1194.0 993.25
1179.5 993.25
1168.0 993.25
1155.5 993.25
1145.0 993.25
1134.0 993.25
1125.5 992.75
1118.0 991.75
1111.5 992.25
1108.0 991.75
1105.5 992.25
1104.0 991.75
1105.5 992.25
1107.5 991.75
1112.0 992.25
1117.5 992.75
1126.0 993.25
1134.0 993.25
1144.5 993.25
1156.5 993.25
1168.0 993.25
1180.5 993.25
1194.0 993.25
1207.5 993.25
1221.0 992.25
1234.0 991.75
1245.5 991.25
1256.0 990.75
1266.5 990.75
1275.5 988.75
1282.0 987.25
1288.5 987.75
1294.0 986.75
1295.5 986.75
1296.5 986.75
1296.0 986.75
1294.5 986.75
1290.0 986.75
1284.5 988.75
1276.0 987.25
1268.5 989.75
1258.0 989.75
1247.5 990.25
1236.0 991.25
1221.5 993.75
1210.0 993.75
1195.5 993.75
1183.0 993.75
1170.0 993.75
1158.5 993.75
1148.0 993.75
1136.5 993.25
1128.0 993.75
1120.5 991.75
1114.0 992.25
1108.5 991.75
1106.0 992.25
1104.5 991.75
1106.0 992.25
1107.5 991.75
1112.0 992.25
1117.5 991.75
1124.5 993.25
1134.0 993.25
1143.5 993.25
1154.5 993.25
1166.5 993.25
1178.5 993.25
1192.0 993.25
1205.5 993.25
1218.5 993.25
1232.0 991.25
1244.5 991.25
1254.5 990.75
1264.5 989.75
1273.5 987.75
1280.5 988.25
1287.0 987.25
1292.0 986.75
1294.5 986.75
1295.5 986.75
1296.0 986.75
1293.5 986.75
1290.0 986.75
1283.5 988.75
1276.5 987.25
1268.0 989.25
1259.0 989.25
1249.0 989.25
1236.0 991.25
1224.5 992.75
1212.0 993.25
1199.0 993.25
1186.5 993.25
1172.5 993.25
1160.0 993.25
1150.0 993.25
1138.0 993.25
1129.5 992.25
1122.0 992.25
1115.5 991.75
1110.0 992.25
1107.0 991.75
1106.5 992.25
1106.0 991.75
1108.5 992.25
1112.0 991.75
1118.5 992.25
1124.0 993.25
1132.0 993.25
1142.5 993.25
1154.0 993.25
1165.0 993.25
1176.5 995.25
1190.0 994.75
1203.5 994.75
1216.5 994.75
1228.5 993.75
1240.5 991.75
1252.0 990.25
1262.5 990.25
1271.0 990.25
1278.5 988.25
1284.5 985.75
1289.5 985.75
1292.0 985.75
1295.0 985.75
1295.0 985.75
1293.0 985.75
1288.0 985.75
1283.0 985.75
1277.0 985.75
1268.0 985.75
1259.0 987.75
1249.0 988.25
1238.0 989.25
1225.5 989.25
