1423 960
1423 960
1421 960
1417 960
1419 962
1425 962
1425 960
1429 960
1429 960
1431 960
1433 960
1433 960
1435 960
1439 960
1439 960
1439 960
1439 960
1437 960
1435 960
1437 960
1437 960
1437 960
1437 960
1437 960
1437 960
1437 960
1437 960
1435 960
1437 960
1435 960
1437 960
1435 960
1435 960
1435 962
1435 962
1435 962
1437 962
1435 962
1437 962
1435 962
1437 960
1435 960
1437 960
1437 960
1439 960
1441 960
1439 960
1441 960
1439 960
1439 960
1439 960
1441 960
1439 960
1441 960
1439 960
1441 960
1439 960
1441 960
1439 960
1441 960
1439 960
1441 960
1439 960
1441 960
1439 960
1441 960
1439 960
1441 960
1441 960
1441 960
1441 960
1441 960
1441 960
1441 960
1441 960
1441 960
1441 960
1441 960
1441 960
1441 960
1441 960
1441 960
1441 960
1441 960
1443 960
1445 960
1443 960
1445 960
1443 960
1445 960
1443 960
1445 960
1443 960
1445 960
1443 960
1445 960
1443 960
1445 960
1443 960
1445 960
1445 960
1445 960
1445 960
1445 960
1445 960
1445 960
1445 960
1445 960
1445 960
1445 960
1445 960
1445 960
1445 960
1443 960
1443 960
1437 962
1423 966
1407 970
1389 974
1365 978
1341 984
1317 986
1291 986
1265 986
1239 986
1215 982
1193 980
1171 978
1153 976
1137 974
1125 974
1115 976
1111 976
1107 978
1107 980
1109 984
1113 986
1119 990
1131 992
1141 994
1151 996
1165 996
1177 996
1189 996
1203 994
1217 994
1227 992
1239 990
1249 990
1255 988
1265 988
1269 986
1275 986
1283 986
1287 986
1291 986
1293 986
1295 986
1297 986
1297 986
1297 986
1295 986
1295 986
1293 986
1287 988
1283 988
1275 988
1267 988
1259 988
1249 988
1235 990
1223 990
1209 992
1193 992
1177 992
1163 992
1151 992
1137 990
1121 990
1109 988
1099 986
1093 986
1085 984
1079 984
1079 984
1081 984
1081 984
1087 984
1097 986
1105 988
1117 990
1133 990
1149 992
1165 992
1183 992
1203 992
1221 990
1237 988
1253 986
1267 984
1283 982
1295 980
1305 978
1311 976
1317 974
1319 974
1321 974
1317 974
1313 976
1307 978
1299 980
1289 982
1275 984
1263 986
1249 988
1233 990
1215 990
1201 992
1183 992
1167 992
1153 992
1137 990
1123 990
1113 988
1103 988
1095 988
1089 986
1083 986
1083 986
1083 986
1085 986
1089 986
1095 986
1105 988
1113 988
1125 990
1139 990
1155 990
1169 992
1183 992
1201 992
1215 990
1231 990
1247 988
1259 986
1271 986
1283 984
1291 984
1299 982
1305 980
1309 980
1311 980
1311 978
1309 978
1303 980
1299 980
1291 982
1281 984
1267 984
1257 986
1243 988
1229 988
1213 990
1197 990
1181 992
1167 992
1153 992
1139 990
1127 990
1115 990
1105 988
1095 988
1091 988
1087 986
1085 986
1083 986
1087 986
1091 986
1097 988
1103 988
1113 988
1123 990
1137 990
1151 990
1167 992
1181 992
1195 992
1213 990
1227 990
1243 988
1257 988
1267 986
1279 984
1289 984
1297 982
1303 982
1309 980
1309 980
1309 980
1307 980
1305 980
1297 982
1289 982
1281 984
1269 984
1257 986
1245 988
1231 988
1217 990
1201 990
1185 992
1169 992
1155 992
1143 990
1129 990
1117 990
1107 990
1099 988
1093 988
1087 988
1085 988
1083 988
1087 988
1091 988
1097 988
1103 988
1113 988
1123 990
1137 990
1149 990
1163 992
1179 992
1195 992
1211 990
1225 990
1239 988
1253 988
1265 986
1275 986
1287 984
1295 984
1303 982
1307 982
1311 982
1311 982
1309 982
1305 982
1299 982
1293 982
1283 984
1273 986
1259 986
1249 988
1233 990
1219 990
1205 990
1187 992
1173 992
1157 992
1143 992
1133 992
1119 990
1111 990
1101 990
1093 988
1089 988
1085 988
1085 988
1085 988
1089 988
1095 988
1103 988
1113 988
1121 990
1133 990
1147 990
1161 992
1175 992
1191 992
1207 990
1223 990
1237 990
1249 988
1261 986
1273 986
1283 984
1293 984
1299 982
1307 982
1309 980
1309 980
1307 980
1305 980
1299 982
1293 982
1283 984
1275 984
1263 986
1251 988
1237 988
1221 990
1205 990
1189 992
1175 992
1161 992
1147 992
1135 990
1123 990
1113 990
1103 988
1097 988
1091 988
1089 988
1085 988
1087 988
1091 988
1095 988
1103 988
1111 988
1121 990
1131 990
1145 990
1157 992
1171 992
1189 992
1203 992
1219 990
1235 988
1247 988
1261 986
1271 986
1283 984
1291 984
1299 982
1305 982
1307 982
1309 980
1307 980
1305 982
1299 982
1295 982
1287 984
1277 984
1263 986
1253 988
1239 988
1225 990
1209 990
1193 990
1179 992
1165 992
1149 990
1137 990
1125 990
1113 990
1105 988
1097 988
1091 988
1089 988
1087 988
1089 988
1089 988
1095 988
1103 988
1111 988
1121 990
1129 990
1143 990
1157 992
1169 992
1185 992
1201 992
1215 990
1231 990
1245 988
1257 986
1267 986
1279 986
1289 984
1295 984
1303 982
1307 982
1309 980
1307 980
1305 982
1299 982
1295 984
1287 984
1277 986
1265 986
1253 988
1239 988
1227 990
1213 990
1195 992
1183 992
1167 992
1153 992
1139 990
1129 990
1115 990
1109 990
1099 988
1095 988
1091 988
1089 988
1087 988
1091 988
1095 988
1101 988
1107 990
1119 990
1129 990
1141 990
1153 992
1167 992
1183 992
1199 992
1213 990
1227 990
1243 988
1255 988
1267 986
1277 986
1285 984
1293 984
1299 982
1305 982
1305 982
1305 982
1303 982
1301 982
1293 982
1285 984
1277 986
1265 986
1253 988
1241 988
1227 990
1215 990
1199 992
1185 992
1169 992
1155 992
1143 990
1131 990
1119 990
1111 990
1103 988
1097 988
1091 988
1089 988
1089 988
1089 988
1093 988
1099 988
1107 990
1117 990
1127 990
1139 990
1153 992
1165 992
1179 992
1195 992
1211 992
1225 990
1237 988
1251 988
1265 986
1273 986
1283 984
1293 984
1297 982
1301 982
1303 982
1305 982
1303 982
1301 982
1293 982
1287 984
1279 986
1269 986
1255 988
1245 988
1229 990
1215 990
1203 992
1187 992
1173 992
1157 992
1143 992
1133 990
1121 990
1111 990
1103 990
1097 988
1091 988
1091 988
1091 988
1091 988
1095 988
1101 988
1105 990
1115 990
1127 990
1139 990
1151 992
1165 992
1177 992
1191 992
1209 992
1221 990
1235 988
1249 988
1261 986
1271 986
1281 984
1289 984
1295 982
1301 982
1303 982
1305 982
1303 982
1301 982
1295 982
1289 984
1279 986
1271 986
1259 988
1247 988
1233 990
1217 990
1203 992
1189 992
1173 992
1159 992
1147 992
1135 990
1123 990
1115 990
1105 990
1097 990
1093 990
1089 988
1089 988
1091 988
1095 988
1099 988
1107 988
1115 990
1125 990
1135 990
1149 992
1161 992
1175 992
1191 992
1207 992
1221 990
1233 990
1245 988
1257 988
1269 986
1279 986
1289 984
1293 984
1299 982
1303 982
1305 982
1301 982
1299 982
1295 984
1289 984
1279 986
1271 986
1261 988
1247 988
1235 990
1221 990
1205 992
1191 992
1177 992
1163 992
1151 992
1139 992
1127 990
1117 990
1107 990
1101 990
1095 988
1093 988
1091 988
1093 988
1093 988
1099 988
1107 990
1115 990
1125 990
1133 990
1145 992
1159 992
1175 992
1189 992
1203 992
1219 990
1233 990
1243 988
1257 988
1267 986
1279 986
1287 984
1293 984
1297 984
1301 982
1303 982
1303 982
1301 982
1295 984
1291 984
1283 984
1273 986
1261 988
1249 988
1237 990
1223 990
1211 992
1197 992
1179 992
1167 992
1155 992
1141 992
1129 990
1119 990
1111 990
1105 990
1097 990
1093 990
1093 990
1093 990
1095 990
1101 990
1105 990
1113 990
1121 992
1133 992
1145 992
1157 992
1171 992
1187 992
1201 992
1215 992
1231 990
1243 990
1255 988
1267 988
1277 986
1283 986
1293 984
1297 984
1301 984
1301 984
1301 984
1299 984
1297 984
1289 984
1281 986
1273 986
1263 988
1253 988
1239 990
1227 990
1213 992
1197 992
1183 992
1171 992
1157 992
1143 992
1133 992
1121 990
1111 990
1105 990
1099 990
1097 990
1093 990
1093 990
1095 990
1101 990
1105 990
1113 990
1121 992
1131 992
1145 992
1155 992
1171 994
1185 994
1197 992
1213 992
1225 992
1239 990
1253 988
1263 988
1275 986
1283 986
1291 986
1297 984
1299 984
1303 984
1303 984
1301 984
1295 984
1291 984
1285 986
1275 986
1265 988
1253 988
1241 990
1227 990
1215 992
1201 992
1185 992
1171 992
1159 992
1147 992
1135 992
1125 992
1113 990
1107 990
1103 990
1099 990
1097 990
1095 990
1097 990
1099 990
1107 990
1113 990
1121 992
1131 992
1143 992
1157 992
1167 992
1183 992
1197 992
1211 992
1225 992
1237 990
1249 988
1261 988
1271 988
1281 986
1287 986
1295 984
1299 984
1301 984
1301 984
1299 984
1297 984
1291 984
1285 986
1275 986
1267 988
1257 988
1243 990
1231 990
1217 992
1203 992
1189 994
1173 994
1161 994
1149 992
1137 992
1125 992
1117 992
1109 990
1103 990
1101 990
1097 990
1095 990
1099 990
1101 990
1105 990
1111 990
1121 992
1129 992
1141 992
1153 992
1165 994
1179 994
1195 994
1209 992
1221 992
1235 990
1249 990
1259 988
1271 988
1279 988
1287 986
1293 986
1297 986
1299 984
1301 984
1299 984
1297 984
1291 984
1285 986
1277 986
1267 988
1259 988
1247 990
1233 990
1219 992
1207 992
1193 992
1177 994
1163 994
1153 992
1139 992
1129 992
1119 992
1113 990
1105 990
1101 990
1097 990
1097 990
1097 990
1101 990
1105 990
1111 990
1121 992
1129 992
1139 992
1153 992
1163 994
1179 994
1193 992
1205 992
1219 992
1233 990
1245 990
1257 988
1267 988
1277 986
1283 986
1291 986
1297 984
1299 984
1301 984
1299 984
1297 984
1291 984
1287 986
1279 986
1269 988
1257 988
1247 990
1235 990
1223 992
1209 992
1193 992
1179 994
1167 994
1155 994
1143 992
1133 992
1121 992
1113 992
1107 990
1103 990
1101 990
1097 990
1097 990
1101 990
1105 990
1111 990
1121 992
1127 992
1139 992
1151 992
1163 994
1177 994
1189 994
1203 992
1219 992
1231 990
1245 990
1255 988
1267 988
1275 988
1283 986
1291 986
1295 986
1299 986
1301 986
1297 986
1295 986
1293 986
1285 986
1277 988
1269 988
1259 990
1249 990
1237 990
1223 992
1211 992
1197 994
1181 994
1169 994
1155 994
1145 994
1133 992
1123 992
1115 992
1109 992
1103 992
1101 990
1097 990
1097 990
1101 990
1105 990
1111 992
1119 992
1127 992
1137 992
1147 994
1161 994
1173 994
1185 994
1201 994
1213 992
1227 992
1241 990
1251 990
1263 988
1273 988
1279 988
1287 986
1293 986
1295 986
1299 986
1299 986
1297 986
1291 986
1287 986
1279 988
1271 988
1261 990
1249 990
1237 992
1225 992
1211 994
1199 994
1185 994
1171 994
1159 994
1147 994
1137 994
1125 994
1115 992
1111 992
1105 992
1101 992
1099 992
1101 992
1101 992
1105 992
1109 992
1117 992
1125 994
1135 994
1149 994
1159 994
1173 994
1185 994
1199 994
1213 994
1225 992
1237 992
1249 990
1261 990
1269 988
1277 988
1285 986
1291 986
1295 986
1297 986
1297 986
1295 986
1293 986
1287 986
1281 988
1271 988
1263 990
1253 990
1239 992
1229 992
1213 994
1201 994
1187 994
1175 994
1163 994
1151 994
1139 994
1129 992
1119 992
1113 992
1107 992
1103 992
1101 992
1099 992
1103 992
1107 992
1111 992
1117 992
1125 992
1133 994
1145 994
1157 994
1169 994
1181 994
1195 994
1211 994
1225 992
1235 992
1249 990
1259 990
1269 990
1277 988
1283 988
1291 986
1295 986
1297 986
1295 986
1297 986
1291 986
1289 986
1281 988
1273 988
1263 990
1255 990
1243 992
1231 992
1217 994
1203 994
1191 994
1177 994
1163 994
1153 994
1141 994
1129 994
1121 994
1113 992
1107 992
1105 992
1101 992
1101 992
1101 992
1105 992
1109 992
1115 992
1125 994
1133 994
1143 994
1157 994
1167 994
1181 994
1193 994
1207 994
1223 992
1235 992
1247 990
1257 990
1265 988
1273 988
1281 988
1287 986
1293 986
1295 986
1297 986
1293 986
1291 986
1289 986
1281 988
1273 988
1263 990
1255 990
1245 990
1231 992
1219 992
1207 994
1193 994
1177 994
1165 994
1153 994
1143 994
1133 994
1123 994
1117 992
1109 992
1105 992
1103 992
1103 992
1105 992
1105 992
1109 992
1115 992
1125 994
1133 994
1143 994
1155 994
1167 994
1179 994
1193 994
1205 994
1219 992
1233 992
1243 992
1255 990
1265 990
1273 988
1279 988
1287 988
1293 986
1293 986
1295 986
1295 986
1293 986
1287 986
1283 988
1275 988
1267 990
1257 990
1245 990
1233 992
1219 994
1209 994
1193 994
1181 994
1167 994
1157 994
1145 994
1135 994
1127 994
1119 992
1113 992
1107 992
1105 992
1103 992
1105 992
1105 992
1109 992
1115 992
1123 994
1133 994
1141 994
1153 994
1165 994
1177 994
1189 994
1203 994
1219 994
1231 992
1243 992
1255 990
1265 990
1271 988
1281 988
1285 988
1289 986
1293 986
1293 986
1293 986
1291 986
1289 986
1281 988
1275 988
1267 990
1259 990
1249 990
1235 992
1223 992
1211 994
1199 994
1185 994
1171 994
1159 994
1149 994
1137 994
1127 994
1121 992
1113 992
1107 992
1107 992
1105 992
1103 992
1107 992
1111 992
1117 992
1121 994
1131 994
1141 994
1151 994
1165 994
1175 996
1189 994
1201 994
1215 994
1229 994
1239 992
1251 990
1261 990
1269 990
1277 988
1283 986
1289 986
1291 986
1295 986
1295 986
1293 986
1287 986
1283 986
1277 986
1267 986
1259 988
1249 988
1237 990
1223 990
