1426 963
1426 963
1424 963
1422 963
1424 965
1428 965
1430 965
1432 965
1434 965
1436 965
1436 965
1438 965
1440 965
1442 965
1442 963
1442 961
1440 963
1440 961
1440 963
1440 961
1440 963
1442 961
1442 963
1442 961
1442 963
1442 961
1440 963
1440 961
1440 963
1440 961
1440 963
1438 963
1438 963
1438 963
1438 963
1438 963
1438 963
1438 963
1438 963
1438 963
1440 963
1440 963
1440 961
1442 963
1442 961
1442 963
1442 961
1442 963
1442 961
1442 963
1442 961
1442 963
1442 961
1442 963
1442 961
1442 963
1442 961
1442 963
1442 961
1442 963
1442 961
1442 963
1442 961
1442 963
1442 961
1442 963
1442 961
1444 963
1444 961
1444 963
1444 961
1444 963
1444 961
1444 963
1444 961
1444 963
1444 961
1444 963
1444 961
1444 963
1444 961
1444 963
1444 961
1444 963
1446 961
1446 963
1446 961
1446 963
1446 961
1446 963
1446 961
1446 961
1446 961
1446 961
1446 961
1446 961
1446 961
1446 961
1446 961
1446 961
1446 961
1448 961
1448 961
1448 961
1448 961
1448 961
1448 961
1448 961
1448 961
1448 961
1448 961
1448 961
1446 961
1446 961
1444 963
1438 963
1426 965
1410 971
1390 975
1370 979
1346 983
1320 985
1294 987
1268 987
1244 985
1218 985
1196 981
1174 979
1156 975
1142 973
1128 975
1120 975
1112 977
1110 979
1110 981
1112 985
1116 989
1124 991
1132 993
1144 995
1156 995
1168 995
1180 997
1194 997
1208 997
1220 995
1230 991
1242 989
1252 991
1260 989
1268 989
1274 989
1280 989
1286 987
1290 985
1294 987
1296 985
1298 987
1300 985
1302 987
1302 987
1300 987
1298 987
1296 987
1290 987
1286 987
1278 989
1270 991
1262 989
1252 991
1240 991
1226 991
1212 991
1198 991
1182 993
1168 993
1154 993
1140 993
1126 991
1114 989
1104 989
1096 989
1088 987
1084 985
1082 985
1084 985
1086 985
1092 987
1100 987
1110 987
1122 989
1136 993
1152 995
1170 993
1186 995
1206 993
1224 993
1240 991
1256 987
1272 985
1286 985
1296 983
1308 979
1316 977
1320 977
1324 977
1324 977
1322 977
1318 979
1312 979
1302 981
1292 985
1280 987
1266 987
1252 989
1236 993
1220 993
1204 995
1188 993
1172 995
1156 993
1142 993
1128 993
1116 991
1106 989
1098 989
1092 989
1088 989
1086 989
1086 989
1088 989
1094 989
1100 989
1108 991
1118 989
1130 993
1142 993
1156 993
1172 995
1186 993
1204 993
1218 993
1234 993
1248 991
1262 989
1274 989
1284 987
1294 985
1302 985
1308 983
1312 981
1314 981
1314 981
1312 981
1308 983
1302 981
1294 985
1284 987
1272 985
1260 989
1248 991
1232 989
1218 993
1202 993
1186 995
1170 993
1156 995
1142 993
1130 993
1118 993
1108 991
1100 989
1094 991
1090 989
1088 989
1088 989
1090 989
1094 989
1100 991
1108 989
1116 991
1128 991
1140 991
1154 991
1168 993
1184 995
1200 993
1216 993
1232 993
1246 991
1260 989
1272 989
1282 987
1292 985
1300 985
1308 985
1312 983
1314 981
1314 983
1312 981
1308 983
1302 983
1294 983
1286 985
1274 987
1262 987
1250 989
1236 991
1220 991
1204 991
1190 993
1174 995
1160 993
1146 993
1132 993
1122 993
1112 991
1102 989
1096 991
1092 989
1088 991
1088 989
1090 991
1094 989
1100 991
1106 989
1116 991
1126 991
1138 991
1152 991
1166 993
1182 995
1196 993
1214 993
1228 993
1242 991
1256 989
1268 989
1280 989
1290 987
1298 985
1306 985
1310 983
1314 981
1314 983
1312 981
1308 983
1302 983
1296 983
1286 985
1276 987
1264 987
1252 989
1238 991
1222 991
1208 991
1192 993
1176 995
1162 993
1148 993
1136 993
1124 993
1114 993
1104 991
1098 989
1092 991
1090 989
1090 991
1090 989
1094 991
1098 989
1106 991
1114 991
1126 991
1138 991
1150 991
1164 993
1178 995
1194 993
1210 993
1224 993
1240 991
1254 989
1266 989
1278 989
1288 987
1296 985
1304 985
1308 985
1312 983
1312 981
1312 983
1308 983
1304 983
1296 983
1288 985
1278 987
1266 987
1254 989
1240 991
1226 991
1210 991
1194 993
1180 995
1166 993
1152 993
1138 993
1126 993
1116 993
1108 991
1100 989
1094 991
1092 989
1090 991
1092 989
1094 991
1098 989
1106 991
1114 991
1124 991
1136 991
1148 991
1162 993
1176 995
1192 993
1208 993
1222 993
1238 991
1250 989
1264 989
1274 989
1286 987
1294 985
1302 985
1308 985
1310 983
1312 981
1312 983
1308 983
1304 983
1298 983
1288 985
1278 987
1268 987
1256 989
1242 991
1228 991
1214 991
1198 991
1182 993
1168 995
1154 993
1142 993
1130 993
1118 993
1110 991
1102 989
1096 991
1092 989
1092 991
1092 989
1094 991
1098 989
1106 991
1114 991
1124 991
1134 991
1148 991
1160 993
1174 995
1188 993
1204 995
1220 991
1234 991
1248 989
1260 989
1272 989
1282 989
1292 987
1300 985
1306 985
1310 985
1312 983
1310 981
1308 983
1304 983
1298 983
1290 985
1280 987
1270 987
1258 989
1244 991
1230 991
1216 991
1200 993
1186 993
1170 995
1156 993
1144 993
1132 993
1120 993
1112 991
1104 989
1098 991
1094 989
1092 991
1092 989
1094 991
1098 989
1104 991
1112 991
1122 991
1132 991
1144 991
1158 993
1172 995
1186 993
1202 995
1216 991
1232 991
1246 989
1258 989
1270 989
1280 987
1290 985
1298 985
1304 985
1308 983
1310 981
1310 983
1308 981
1304 983
1298 983
1290 985
1282 987
1270 987
1260 987
1246 989
1232 991
1218 991
1204 991
1188 991
1174 993
1160 993
1146 993
1134 993
1122 993
1114 991
1106 989
1100 991
1096 989
1094 991
1094 989
1096 991
1098 989
1104 991
1112 991
1120 991
1132 991
1144 991
1156 993
1170 995
1184 993
1200 993
1214 993
1228 993
1242 991
1256 989
1268 989
1278 989
1288 987
1296 985
1302 985
1306 985
1308 983
1310 983
1308 983
1304 983
1298 983
1292 985
1282 987
1272 987
1262 987
1248 989
1234 991
1220 991
1206 991
1192 991
1176 993
1162 995
1150 991
1136 991
1126 991
1116 991
1108 989
1102 991
1096 989
1094 991
1094 989
1096 991
1098 989
1104 991
1112 989
1120 993
1130 993
1142 993
1154 993
1168 995
1182 993
1196 995
1212 993
1226 993
1240 991
1254 989
1266 989
1276 989
1286 987
1294 985
1300 985
1306 985
1308 983
1308 983
1308 983
1304 983
1300 983
1292 985
1284 987
1274 987
1262 987
1250 989
1238 991
1224 991
1208 991
1194 991
1180 993
1166 995
1152 993
1140 993
1128 993
1118 993
1110 993
1104 991
1098 989
1096 991
1094 989
1096 991
1098 989
1104 991
1110 989
1118 993
1128 993
1140 993
1152 993
1166 995
1180 993
1194 993
1210 993
1224 993
1238 991
1252 989
1264 989
1274 989
1284 987
1292 985
1298 985
1304 985
1308 985
1308 983
1308 983
1304 983
1300 983
1294 985
1286 987
1276 987
1264 987
1252 989
1240 991
1226 991
1212 991
1198 993
1182 995
1168 993
1156 993
1142 993
1130 993
1120 993
1112 991
1106 989
1100 991
1098 989
1096 991
1096 989
1100 991
1104 989
1110 991
1118 991
1128 991
1138 991
1152 991
1164 993
1178 995
1192 993
1208 993
1222 993
1236 991
1248 989
1260 989
1272 989
1282 987
1290 985
1296 985
1302 985
1306 985
1308 985
1306 985
1304 985
1300 985
1294 985
1286 987
1276 987
1266 987
1254 989
1242 991
1228 991
1214 991
1200 991
1184 993
1170 995
1158 993
1146 993
1134 993
1124 993
1114 993
1108 991
1102 989
1098 991
1098 989
1098 991
1100 989
1104 991
1110 991
1118 991
1126 991
1138 991
1150 991
1162 993
1176 995
1190 993
1206 993
1220 993
1234 991
1246 989
1258 989
1270 989
1280 989
1288 987
1296 985
1302 985
1306 985
1306 985
1306 985
1304 985
1300 985
1294 985
1286 987
1278 987
1268 987
1256 989
1244 991
1230 991
1216 991
1202 993
1188 995
1174 993
1160 995
1148 993
1136 993
1126 993
1116 993
1110 991
1104 989
1100 991
1098 989
1098 991
1100 989
1104 991
1110 991
1118 991
1126 991
1136 991
1148 991
1160 993
1174 995
1188 993
1202 993
1216 993
1230 993
1244 991
1256 989
1268 989
1278 989
1286 987
1294 985
1300 985
1304 985
1306 985
1306 985
1304 985
1300 985
1294 985
1288 987
1278 987
1268 987
1258 989
1246 991
1232 991
1218 991
1204 991
1190 993
1176 995
1162 993
1150 993
1138 993
1128 993
1118 993
1112 991
1106 989
1102 991
1100 989
1098 991
1100 989
1104 991
1110 989
1116 991
1124 991
1134 991
1146 991
1158 993
1172 995
1184 993
1200 995
1214 993
1228 993
1240 991
1254 989
1266 989
1276 989
1284 987
1292 985
1298 985
1302 985
1304 985
1304 985
1304 985
1300 985
1294 985
1288 987
1280 987
1270 987
1260 989
1248 991
1234 991
1220 991
1206 993
1192 995
1178 993
1166 995
1152 993
1140 993
1130 993
1120 993
1112 993
1106 991
1102 989
1100 991
1100 989
1100 991
1104 989
1108 991
1114 991
1124 991
1134 991
1144 991
1156 993
1170 995
1182 993
1196 995
1212 993
1224 993
1238 991
1250 989
1262 989
1272 989
1282 989
1288 987
1296 985
1300 985
1302 985
1304 985
1302 985
1300 985
1294 985
1288 987
1280 987
1270 987
1260 989
1248 991
1236 991
1222 991
1208 993
1194 995
1180 993
1166 995
1154 993
1142 993
1132 993
1122 993
1114 993
1108 993
1104 993
1100 993
1100 993
1100 993
1104 993
1108 993
1114 993
1122 993
1132 995
1142 993
1154 995
1166 993
1180 995
1194 993
1208 995
1222 993
1236 993
1248 993
1260 991
1270 989
1280 989
1288 989
1294 987
1298 985
1302 987
1302 985
1302 987
1300 985
1294 987
1288 987
1280 987
1272 987
1262 989
1250 991
1238 991
1224 991
1212 993
1198 995
1184 993
1170 995
1158 993
1146 995
1134 993
1124 993
1116 993
1110 993
1106 993
1102 993
1100 993
1102 993
1104 993
1108 993
1114 993
1122 995
1130 993
1142 995
1154 993
1166 995
1178 995
1192 995
1206 993
1220 995
1234 991
1246 991
1258 989
1268 991
1278 989
1286 989
1292 987
1298 985
1300 987
1302 985
1302 987
1300 985
1294 987
1290 987
1282 987
1274 989
1264 991
1252 991
1240 991
1226 993
1214 995
1200 993
1186 995
1172 995
1160 995
1148 993
1136 995
1126 993
1118 993
1112 993
1106 993
1104 993
1102 993
1102 993
1104 993
1108 993
1114 993
1122 995
1130 993
1140 995
1152 993
1164 995
1176 995
1190 995
1204 995
1218 993
1232 993
1244 993
1256 991
1266 989
1276 989
1284 989
1290 989
1296 989
1300 987
1302 985
1302 987
1300 985
1296 987
1290 987
1282 987
1274 989
1264 991
1254 991
1242 991
1230 993
1216 995
1202 993
1188 995
1174 995
1162 995
1150 993
1140 995
1130 993
1120 993
1114 993
1108 993
1104 993
1102 993
1102 993
1104 993
1108 993
1114 993
1120 993
1128 995
1138 993
1150 995
1162 995
1174 995
1188 995
1202 993
1216 995
1228 993
1242 993
1254 993
1264 991
1274 989
1282 989
1288 989
1294 987
1298 987
1300 987
1300 985
1298 987
1294 985
1290 989
1284 989
1274 989
1266 991
1256 991
1244 991
1230 993
1218 995
1204 995
1190 995
1178 995
1164 995
1152 995
1142 993
1130 995
1122 993
1116 993
1110 993
1106 993
1104 993
1104 993
1106 993
1108 993
1114 993
1120 995
1128 993
1138 995
1148 993
1160 995
1172 995
1186 995
1200 995
1214 993
1226 993
1240 993
1252 993
1262 991
1272 989
1280 989
1288 989
1292 989
1296 989
1300 989
1300 987
1298 987
1296 987
1290 987
1284 987
1276 989
1266 991
1256 991
1246 991
1234 993
1220 995
1208 995
1194 995
1180 995
1168 995
1156 995
1144 995
1134 993
1126 995
1118 993
1112 993
1108 993
1106 993
1106 993
1106 993
1110 993
1114 993
1120 995
1128 993
1138 995
1148 993
1160 995
1172 995
1184 995
1198 995
1212 993
1226 995
1238 993
1250 993
1260 993
1270 991
1278 989
1286 989
1292 989
1296 989
1298 989
1300 989
1298 989
1296 989
1292 989
1286 991
1278 989
1268 991
1258 991
1248 991
1236 993
1222 995
1210 995
1196 995
1182 995
1170 995
1158 995
1146 995
1136 995
1128 993
1120 995
1114 993
1110 995
1108 993
1106 995
1106 993
1110 995
1114 993
1120 995
1128 995
1136 995
1146 995
1158 995
1170 995
1182 995
1196 995
1210 995
1222 993
1236 995
1248 993
1258 993
1268 993
1278 991
1284 989
1290 989
1296 989
1298 989
1298 989
1298 989
1296 989
1292 989
1286 991
1278 989
1270 991
1260 991
1250 991
1238 993
1224 995
1212 995
1198 995
1186 995
1172 995
1160 995
1150 995
1138 995
1130 995
1122 993
1116 995
1110 993
1108 995
1106 993
1108 995
1110 993
1114 995
1120 993
1126 995
1136 995
1146 995
1156 995
1168 995
1180 995
1194 995
1208 995
1220 995
1234 993
1246 993
1256 993
1266 991
1276 989
1282 991
1290 989
1294 989
1298 989
1298 989
1298 989
1296 989
1292 989
1286 991
1278 989
1270 991
1260 991
1250 991
1238 993
1226 995
1214 995
1200 995
1188 995
1174 995
1162 995
1152 995
1140 995
1132 995
1124 993
1118 995
1112 993
1108 995
1108 993
1108 995
1110 993
1114 995
1120 993
1126 995
1134 995
1144 995
1156 995
1166 995
1178 997
1192 997
1206 997
1218 997
1230 995
1242 993
1254 993
1264 993
1274 993
1280 991
1286 987
1292 987
1294 987
1296 987
1296 987
1294 987
1290 987
1284 987
1278 987
1270 987
1260 989
1250 991
1240 991
1228 991
