1423 959
1423 959
1421 959
1417 959
1419 961
1425 959
1425 959
1429 959
1429 959
1431 959
1433 959
1433 959
1435 959
1439 959
1439 959
1439 959
1439 959
1437 959
1435 959
1437 959
1437 959
1437 959
1437 959
1437 959
1437 959
1437 959
1437 959
1435 959
1437 959
1435 959
1437 959
1435 959
1435 959
1435 961
1435 959
1435 961
1437 959
1435 961
1437 959
1435 959
1437 959
1435 959
1437 959
1437 959
1439 959
1441 959
1439 959
1441 959
1439 959
1439 959
1439 959
1441 959
1439 959
1441 959
1439 959
1441 959
1439 959
1441 959
1439 959
1441 959
1439 959
1441 959
1439 959
1441 959
1439 959
1441 959
1439 959
1441 959
1441 959
1441 959
1441 959
1441 959
1441 959
1441 959
1441 959
1441 959
1441 959
1441 959
1441 959
1441 959
1441 959
1441 959
1441 959
1441 959
1441 959
1443 959
1445 959
1443 959
1445 959
1443 959
1445 959
1443 959
1445 959
1443 959
1445 959
1443 959
1445 959
1443 959
1445 959
1443 959
1445 959
1445 959
1445 959
1445 959
1445 959
1445 959
1445 959
1445 959
1445 959
1445 959
1445 959
1445 959
1443 959
1445 959
1441 959
1435 961
1425 963
1407 969
1389 971
1367 977
1345 981
1317 983
1291 985
1267 983
1243 983
1217 981
1193 977
1171 975
1155 973
1141 971
1127 973
1119 973
1113 973
1107 975
1109 979
1109 983
1113 985
1121 987
1129 991
1141 993
1153 993
1165 993
1177 993
1191 993
1207 991
1219 991
1229 991
1239 989
1251 987
1259 987
1267 987
1273 985
1277 983
1283 985
1289 983
1291 983
1295 985
1297 983
1297 985
1299 983
1299 985
1299 985
1297 985
1293 985
1287 985
1283 985
1277 985
1267 985
1261 987
1249 989
1237 987
1223 989
1211 989
1197 989
1179 989
1167 989
1153 989
1137 987
1123 989
1113 985
1101 983
1093 985
1087 983
1083 983
1081 983
1081 983
1083 983
1091 983
1099 985
1109 985
1119 987
1135 989
1151 989
1169 991
1185 993
1203 989
1223 989
1239 987
1255 987
1271 985
1283 981
1295 979
1305 977
1311 973
1319 973
1321 971
1321 973
1319 973
1317 975
1309 977
1299 979
1291 983
1279 985
1265 985
1249 987
1233 989
1217 989
1201 989
1185 991
1167 993
1155 991
1141 991
1125 991
1113 989
1103 987
1097 987
1089 987
1085 987
1083 987
1085 987
1085 987
1091 987
1099 987
1107 989
1117 987
1127 989
1141 989
1155 989
1171 991
1185 991
1201 991
1215 991
1233 991
1245 989
1259 985
1273 985
1281 983
1291 983
1301 983
1305 981
1309 979
1311 979
1313 979
1309 979
1305 979
1299 981
1291 981
1283 981
1271 983
1259 987
1245 989
1229 987
1215 991
1201 991
1183 993
1169 991
1153 991
1139 991
1129 991
1115 991
1107 989
1099 987
1093 987
1087 987
1087 987
1087 987
1087 987
1091 987
1097 987
1103 989
1115 987
1127 989
1139 989
1153 989
1165 989
1181 991
1197 991
1213 991
1227 989
1243 987
1257 987
1269 987
1279 985
1291 983
1299 983
1305 981
1309 979
1311 979
1313 979
1309 979
1305 981
1299 979
1293 981
1281 981
1271 983
1261 985
1247 985
1233 987
1217 989
1201 989
1185 989
1171 989
1157 989
1143 989
1131 989
1119 989
1109 987
1099 987
1095 987
1089 987
1085 987
1085 987
1087 987
1091 987
1097 987
1103 987
1113 989
1123 987
1137 989
1149 989
1163 989
1179 989
1195 989
1211 989
1227 987
1241 987
1253 987
1265 985
1277 983
1287 983
1297 983
1301 981
1307 979
1311 981
1311 979
1311 981
1307 979
1301 981
1293 981
1283 981
1273 983
1261 985
1247 985
1235 987
1221 989
1205 989
1189 989
1173 989
1159 989
1147 989
1133 989
1121 987
1111 989
1103 987
1097 987
1089 987
1087 987
1087 987
1089 987
1091 987
1097 987
1103 987
1113 989
1121 987
1133 989
1147 989
1163 989
1177 989
1191 989
1209 989
1221 987
1235 989
1251 985
1265 985
1273 983
1283 983
1293 983
1299 981
1307 979
1309 979
1309 979
1307 979
1307 981
1301 979
1293 981
1283 981
1275 983
1263 985
1251 985
1237 985
1221 987
1207 989
1193 989
1175 989
1163 989
1149 989
1135 987
1125 989
1113 987
1103 987
1097 987
1091 987
1089 987
1087 987
1089 987
1091 987
1097 987
1101 987
1111 987
1121 989
1131 987
1147 989
1161 989
1173 989
1187 989
1205 989
1219 987
1235 987
1249 987
1259 985
1273 983
1281 983
1289 983
1297 981
1303 979
1309 979
1307 979
1309 979
1305 981
1299 979
1295 981
1287 981
1277 981
1263 983
1253 985
1239 985
1225 987
1209 989
1193 987
1179 989
1165 989
1151 987
1139 989
1127 987
1117 987
1105 987
1099 987
1095 987
1091 987
1089 987
1089 987
1091 987
1097 987
1101 987
1109 987
1119 989
1131 987
1145 989
1157 989
1171 989
1187 989
1203 989
1217 987
1231 987
1245 987
1257 985
1269 983
1279 983
1289 983
1295 983
1303 981
1307 979
1309 979
1307 979
1307 979
1303 981
1295 981
1287 981
1279 981
1267 983
1255 985
1243 985
1229 987
1213 989
1197 987
1181 989
1167 989
1155 989
1141 987
1127 989
1119 987
1109 987
1101 987
1095 987
1093 987
1089 987
1089 987
1091 987
1097 987
1101 987
1109 987
1119 989
1131 987
1143 989
1157 989
1169 989
1183 989
1201 989
1213 987
1227 989
1243 985
1257 985
1267 983
1279 983
1287 983
1295 983
1301 981
1305 979
1307 979
1309 979
1305 979
1301 981
1295 979
1289 983
1277 983
1267 985
1257 985
1243 985
1231 987
1217 989
1201 989
1185 989
1171 989
1157 989
1143 987
1133 989
1119 987
1113 987
1103 987
1099 987
1095 987
1091 987
1091 987
1093 987
1095 987
1103 987
1111 987
1119 989
1129 987
1141 989
1153 989
1167 989
1183 989
1197 989
1211 989
1227 987
1241 987
1253 987
1265 985
1275 983
1285 983
1293 983
1299 981
1305 979
1305 979
1305 979
1305 981
1301 979
1295 981
1289 981
1279 983
1271 985
1259 985
1247 985
1233 987
1217 989
1203 989
1189 989
1173 989
1159 989
1147 989
1135 987
1123 989
1115 987
1107 987
1099 987
1095 987
1093 987
1091 987
1093 987
1095 987
1103 987
1109 989
1117 987
1127 989
1139 989
1153 989
1165 989
1179 989
1195 989
1211 989
1225 987
1237 987
1249 987
1261 985
1273 983
1281 983
1289 983
1297 981
1301 979
1305 981
1305 979
1303 981
1303 979
1297 981
1289 981
1281 983
1271 985
1261 985
1247 985
1235 987
1221 989
1205 989
1191 989
1177 989
1161 989
1149 989
1137 987
1125 989
1115 987
1109 989
1101 987
1095 987
1095 987
1093 987
1093 987
1095 987
1103 987
1109 987
1115 989
1127 989
1139 989
1151 989
1165 989
1177 989
1191 989
1209 989
1221 987
1235 989
1249 985
1259 985
1271 983
1281 985
1289 981
1295 981
1301 979
1303 981
1307 979
1305 981
1301 979
1295 981
1291 981
1283 983
1273 985
1261 985
1249 985
1237 987
1223 989
1209 989
1193 989
1179 989
1167 989
1153 989
1139 989
1129 987
1117 989
1109 987
1103 987
1099 987
1095 987
1095 987
1095 987
1097 987
1101 987
1107 989
1117 987
1125 989
1135 989
1149 989
1161 989
1175 989
1191 989
1205 989
1219 987
1233 989
1245 985
1257 985
1269 983
1279 985
1289 981
1293 981
1299 981
1305 979
1305 981
1303 979
1303 981
1299 981
1293 981
1283 983
1275 985
1265 985
1251 985
1241 987
1225 989
1211 989
1197 989
1181 989
1167 989
1155 989
1143 989
1131 989
1121 987
1111 989
1105 987
1099 987
1097 987
1093 987
1093 987
1097 987
1101 987
1107 989
1115 987
1125 989
1135 989
1149 989
1159 989
1175 989
1189 989
1201 989
1215 989
1231 987
1245 987
1255 987
1267 985
1277 983
1285 983
1291 983
1299 983
1303 981
1305 979
1303 981
1303 979
1299 981
1293 981
1283 981
1275 983
1265 985
1253 985
1241 985
1227 987
1215 989
1201 989
1185 989
1171 989
1159 989
1147 989
1135 987
1125 989
1113 987
1107 987
1103 987
1099 987
1097 987
1095 987
1099 987
1103 987
1109 987
1115 989
1125 987
1133 989
1145 989
1157 989
1171 989
1187 989
1201 989
1215 987
1229 989
1241 985
1253 985
1265 983
1275 985
1285 981
1291 981
1299 981
1303 979
1305 981
1303 979
1303 981
1299 979
1293 981
1285 981
1277 983
1267 985
1257 985
1243 985
1231 987
1217 989
1201 989
1187 989
1175 989
1161 989
1147 989
1137 987
1125 989
1115 987
1111 987
1105 987
1099 987
1099 987
1099 987
1099 987
1103 987
1109 987
1113 989
1121 987
1133 989
1143 989
1157 989
1169 989
1183 989
1199 989
1213 989
1225 987
1239 987
1253 987
1263 985
1273 983
1281 983
1289 983
1295 983
1301 981
1301 979
1301 981
1301 979
1297 981
1291 981
1287 981
1279 983
1269 985
1257 985
1245 985
1231 987
1219 989
1205 989
1191 989
1177 989
1163 989
1151 989
1139 989
1129 987
1119 989
1111 987
1107 987
1101 987
1097 987
1097 987
1099 987
1103 987
1109 987
1113 987
1121 989
1131 987
1143 989
1155 989
1169 989
1181 989
1195 989
1211 989
1225 987
1237 987
1249 987
1259 985
1271 983
1281 983
1287 983
1295 983
1299 983
1303 981
1303 979
1301 981
1297 981
1293 981
1285 981
1277 983
1269 985
1259 985
1249 985
1233 987
1221 989
1207 989
1195 989
1181 989
1165 989
1153 989
1141 987
1129 989
1121 987
1113 987
1107 987
1103 987
1101 987
1099 987
1101 987
1103 987
1109 987
1113 989
1121 987
1131 989
1143 989
1155 989
1167 989
1181 989
1193 989
1207 989
1223 987
1235 989
1249 985
1259 985
1271 983
1279 985
1287 981
1293 981
1297 981
1299 981
1303 981
1301 981
1297 981
1293 981
1287 981
1281 983
1271 985
1261 985
1249 985
1237 987
1223 989
1211 989
1197 989
1181 989
1167 989
1157 989
1143 989
1135 987
1125 989
1115 987
1111 987
1105 987
1101 987
1099 987
1101 987
1103 987
1109 987
1113 987
1121 989
1129 989
1139 989
1153 989
1165 989
1177 989
1191 989
1207 989
1221 987
1231 989
1245 985
1257 985
1267 983
1277 985
1283 981
1291 981
1297 981
1299 981
1301 981
1299 981
1299 981
1295 981
1289 981
1279 983
1273 985
1261 985
1251 985
1239 987
1227 989
1213 989
1197 989
1183 989
1171 989
1159 989
1147 989
1137 987
1125 989
1117 987
1111 987
1107 987
1103 987
1101 987
1101 987
1103 987
1109 987
1113 989
1119 987
1129 989
1139 987
1151 989
1163 989
1177 989
1189 989
1203 989
1217 987
1229 989
1241 985
1253 985
1265 983
1273 983
1281 983
1289 983
1293 983
1297 983
1299 981
1301 981
1297 981
1293 981
1287 981
1281 983
1271 985
1263 985
1253 985
1239 987
1229 989
1213 989
1199 989
1187 989
1175 989
1161 989
1149 989
1137 989
1127 989
1119 987
1113 989
1107 987
1105 987
1101 987
1101 987
1103 987
1107 989
1113 987
1119 989
1129 989
1137 989
1149 989
1161 989
1173 989
1185 989
1199 989
1215 989
1229 987
1239 989
1253 985
1263 985
1273 983
1279 985
1289 983
1293 983
1297 983
1299 983
1299 983
1299 983
1295 983
1289 983
1281 985
1273 983
1263 987
1255 987
1243 989
1231 987
1217 989
1203 989
1191 989
1177 989
1163 989
1153 989
1139 989
1131 987
1123 989
1115 987
1109 989
1105 987
1103 987
1103 989
1105 987
1107 989
1113 987
1119 989
1127 989
1137 989
1147 989
1161 989
1171 989
1185 989
1197 989
1211 989
1225 987
1237 989
1249 987
1259 987
1271 987
1279 985
1287 983
1293 983
1295 983
1299 983
1299 983
1297 983
1293 983
1289 983
1281 985
1273 983
1265 985
1255 985
1245 987
1231 989
1219 989
1207 989
1193 989
1179 989
1167 989
1155 989
1143 989
1133 989
1123 989
1117 987
1109 989
1105 987
1103 989
1105 987
1105 989
1107 987
1113 989
1117 989
1125 989
1135 989
1147 989
1159 989
1171 989
1183 989
1197 989
1209 989
1223 989
1237 987
1247 987
1259 987
1269 985
1275 983
1285 985
1289 983
1293 983
1295 983
1299 983
1297 983
1293 983
1289 983
1283 985
1277 983
1267 987
1257 987
1245 989
1233 987
1219 989
1209 989
1193 989
1179 989
1169 989
1155 989
1145 989
1133 989
1125 989
1117 987
1111 989
1109 987
1105 989
1103 987
1105 989
1107 987
1113 989
1117 989
1125 989
1133 989
1143 989
1157 989
1167 989
1181 989
1193 989
1207 989
1221 989
1233 987
1245 987
1255 987
1267 987
1275 985
1283 983
1289 983
1293 983
1295 983
1297 983
1295 983
1295 983
1291 983
1285 985
1275 983
1269 985
1257 985
1247 985
1237 987
1221 989
1209 989
1195 989
1183 989
1171 989
1159 989
1149 989
1137 987
1127 989
1121 987
1113 989
1109 987
1105 989
1105 987
1105 989
1107 987
1113 989
1117 987
1125 989
1133 989
1143 989
1155 989
1167 989
1179 989
1193 989
1205 989
1217 989
1231 987
1245 987
1253 987
1263 985
1273 983
1279 985
1287 983
1293 983
1293 983
1295 983
1297 983
1293 983
1289 983
1283 985
1277 983
1267 985
1259 985
1249 985
1235 987
1225 989
1211 989
1199 989
1187 989
1173 989
1159 989
1149 989
1137 989
1129 987
1121 989
1115 987
1111 989
1107 987
1107 989
1107 987
1109 989
1111 987
1119 989
1125 989
1131 989
1143 989
1155 989
1165 989
1177 991
1189 991
1203 991
1217 991
1227 989
1241 987
1251 987
1263 987
1271 987
1279 985
1285 981
1289 981
1291 981
1295 981
1295 981
1293 981
1287 981
1283 981
1277 981
1267 981
1259 983
1249 985
1237 985
1225 985
