715.25 74.75
715.25 74.75
717.25 74.75
716.75 72.75
717.25 75.25
716.75 77.25
717.25 74.75
717.25 74.75
718.75 74.75
718.75 74.75
718.75 74.75
718.75 74.75
718.75 74.75
718.75 74.75
718.75 74.75
718.75 74.75
718.75 74.75
718.75 74.75
718.75 74.75
718.75 74.75
718.75 74.75
718.75 74.75
718.75 74.75
718.75 74.75
718.75 74.75
718.75 74.75
718.75 74.75
718.75 74.75
718.75 74.75
718.75 74.75
718.75 74.75
718.75 74.75
718.75 74.75
718.75 74.75
718.75 74.75
718.75 74.75
718.75 74.75
718.75 74.75
718.75 74.75
718.75 74.75
718.75 74.75
718.75 74.75
718.75 74.75
718.75 74.75
718.75 74.75
718.75 74.75
718.75 74.75
718.75 74.75
718.75 74.75
718.75 74.75
718.75 74.75
718.75 74.75
718.75 74.75
718.75 74.75
718.75 74.75
718.75 74.75
718.75 74.75
718.75 74.75
718.75 74.75
718.75 74.75
718.75 74.75
718.75 74.75
718.75 74.75
718.75 74.75
718.75 74.75
718.75 74.75
718.75 74.75
718.75 74.75
718.75 74.75
718.75 74.75
718.75 74.75
718.75 74.75
718.75 74.75
718.75 74.75
718.75 74.75
718.75 74.75
718.75 74.75
718.75 74.75
718.75 74.75
718.75 74.75
718.75 74.75
718.75 74.75
718.75 74.75
718.75 74.75
718.75 74.75
718.75 74.75
718.75 74.75
718.75 74.75
718.75 74.75
718.75 74.75
718.75 74.75
716.75 74.75
717.25 74.75
716.75 74.75
717.25 74.75
716.75 74.75
716.75 74.75
715.75 74.75
715.75 74.75
715.75 74.75
715.75 74.75
715.75 74.75
715.75 74.75
715.75 74.75
715.75 74.75
715.75 74.75
715.75 74.75
715.75 74.75
715.75 74.75
715.75 74.75
715.75 74.75
715.75 74.75
715.75 74.75
715.75 74.75
715.75 74.75
717.75 74.75
721.25 74.75
727.75 74.75
736.75 74.75
746.75 74.75
758.75 72.75
769.25 73.25
781.75 72.75
792.75 73.25
803.25 72.75
809.75 73.25
815.25 72.75
817.25 73.25
817.75 72.75
815.25 73.25
811.25 72.75
805.25 73.25
797.75 72.75
787.25 73.25
775.25 72.75
765.25 73.25
753.75 72.75
741.25 75.25
729.25 75.25
717.75 75.25
709.25 75.25
701.75 75.25
695.25 75.25
691.25 75.25
691.25 75.25
691.25 75.25
695.25 75.25
699.25 75.25
705.25 75.25
712.25 75.25
720.25 75.25
729.75 75.25
737.25 75.25
745.75 75.25
753.25 74.25
758.75 73.75
762.75 73.25
764.75 72.75
765.25 73.25
764.25 72.75
761.75 73.25
758.25 72.75
753.25 73.25
747.75 73.75
741.25 74.25
733.25 74.75
723.75 74.75
715.75 74.75
707.75 74.75
701.75 74.75
695.25 74.75
690.25 74.75
687.25 74.75
685.25 74.75
685.25 74.75
685.75 74.75
687.25 74.75
691.25 74.75
695.25 74.75
699.25 74.75
704.75 74.75
709.75 74.75
714.75 74.75
719.25 74.75
724.75 74.75
728.75 74.75
731.75 74.75
733.75 74.75
733.25 74.75
733.75 74.75
731.25 74.75
729.25 74.75
725.75 74.75
723.25 74.75
719.25 74.75
715.25 74.75
711.25 74.75
707.25 74.75
703.25 74.75
699.25 74.75
697.25 74.75
695.75 74.75
695.25 74.75
695.25 74.75
695.25 74.75
695.75 74.75
697.25 74.75
699.75 74.75
701.75 74.75
703.25 74.75
705.25 74.75
708.25 74.75
711.25 74.75
713.25 74.75
714.75 74.75
716.75 74.75
718.25 74.75
718.25 74.75
718.25 74.75
718.25 74.75
717.25 74.75
717.25 74.75
716.25 74.75
715.25 74.75
714.75 74.75
713.75 74.75
712.25 74.75
711.75 74.75
711.75 74.75
710.75 74.75
710.75 74.75
710.75 74.75
710.75 74.75
710.75 74.75
710.75 74.75
710.75 74.75
710.75 74.75
710.75 74.75
710.75 74.75
710.75 74.75
710.75 74.75
710.75 74.75
710.75 74.75
710.75 74.75
710.75 74.75
710.75 74.75
710.75 74.75
710.75 74.75
710.75 74.75
710.75 74.75
710.75 74.75
710.75 74.75
710.75 74.75
710.75 74.75
710.75 74.75
710.75 74.75
710.75 74.75
710.75 74.75
710.75 74.75
710.75 74.75
710.75 74.75
710.75 74.75
710.75 74.75
710.75 74.75
710.75 74.75
710.75 74.75
710.75 74.75
710.75 74.75
710.75 74.75
710.75 74.75
710.75 74.75
710.75 74.75
710.75 74.75
710.75 74.75
710.75 74.75
710.75 74.75
710.75 74.75
710.75 74.75
710.75 74.75
710.75 74.75
710.75 74.75
710.75 74.75
710.75 74.75
710.75 74.75
710.75 74.75
710.75 74.75
710.75 74.75
710.75 74.75
710.75 74.75
710.75 74.75
710.75 74.75
710.75 74.75
710.75 74.75
710.75 74.75
710.75 74.75
710.75 74.75
710.75 74.75
710.75 74.75
710.75 74.75
710.75 74.75
710.75 74.75
710.75 74.75
710.75 74.75
710.75 74.75
710.75 74.75
710.75 74.75
710.75 74.75
710.75 74.75
710.75 74.75
710.75 74.75
710.75 74.75
710.75 74.75
710.75 74.75
710.75 74.75
710.75 74.75
710.75 74.75
710.75 74.75
710.75 74.75
710.75 74.75
710.75 74.75
710.75 74.75
710.75 74.75
710.75 74.75
710.75 74.75
710.75 74.75
710.75 74.75
710.75 74.75
710.75 74.75
710.75 74.75
710.75 74.75
710.75 74.75
710.75 74.75
710.75 74.75
710.75 74.75
710.75 74.75
710.75 74.75
710.75 74.75
710.75 74.75
710.75 74.75
710.75 74.75
710.75 74.75
710.75 74.75
710.75 74.75
710.75 74.75
710.75 74.75
710.75 74.75
710.75 74.75
710.75 74.75
710.75 74.75
710.75 74.75
710.75 74.75
710.75 74.75
710.75 74.75
710.75 74.75
710.75 74.75
710.75 74.75
710.75 74.75
710.75 74.75
710.75 74.75
710.75 74.75
710.75 74.75
710.75 74.75
710.75 74.75
710.75 74.75
710.75 74.75
710.75 74.75
710.75 74.75
710.75 74.75
710.75 74.75
710.75 74.75
710.75 74.75
710.75 74.75
710.75 74.75
710.75 74.75
710.75 74.75
710.75 74.75
710.75 74.75
710.75 74.75
710.75 74.75
710.75 74.75
710.75 74.75
710.75 74.75
710.75 74.75
710.75 74.75
710.75 74.75
710.75 74.75
710.75 74.75
710.75 74.75
710.75 74.75
710.75 74.75
710.75 74.75
710.75 74.75
710.75 74.75
710.75 74.75
710.75 74.75
710.75 74.75
710.75 74.75
710.75 74.75
710.75 74.75
710.75 74.75
710.75 74.75
710.75 74.75
710.75 74.75
710.75 74.75
710.75 74.75
710.75 74.75
710.75 74.75
710.75 74.75
710.75 74.75
710.75 74.75
710.75 74.75
710.75 74.75
710.75 74.75
710.75 74.75
710.75 74.75
710.75 74.75
710.75 74.75
710.75 74.75
710.75 74.75
710.75 74.75
710.75 74.75
710.75 74.75
710.75 74.75
710.75 74.75
710.75 74.75
710.75 74.75
710.75 74.75
710.75 74.75
710.75 74.75
710.75 74.75
710.75 74.75
710.75 74.75
710.75 74.75
710.75 74.75
710.75 74.75
710.75 74.75
710.75 74.75
710.75 74.75
710.75 74.75
710.75 74.75
710.75 74.75
710.75 74.75
710.75 74.75
710.75 74.75
710.75 74.75
710.75 74.75
710.75 74.75
710.75 74.75
710.75 74.75
710.75 74.75
710.75 74.75
710.75 74.75
710.75 74.75
710.75 74.75
710.75 74.75
710.75 74.75
710.75 74.75
710.75 74.75
710.75 74.75
710.75 74.75
710.75 74.75
710.75 74.75
710.75 74.75
710.75 74.75
710.75 74.75
710.75 74.75
710.75 74.75
710.75 74.75
710.75 74.75
710.75 74.75
710.75 74.75
710.75 74.75
710.75 74.75
710.75 74.75
710.75 74.75
710.75 74.75
710.75 74.75
710.75 74.75
710.75 74.75
710.75 74.75
710.75 74.75
710.75 74.75
710.75 74.75
710.75 74.75
710.75 74.75
710.75 74.75
710.75 74.75
710.75 74.75
710.75 74.75
710.75 74.75
710.75 74.75
710.75 74.75
710.75 74.75
710.75 74.75
710.75 74.75
710.75 74.75
710.75 74.75
710.75 74.75
710.75 74.75
710.75 74.75
710.75 74.75
710.75 74.75
710.75 74.75
710.75 74.75
710.75 74.75
710.75 74.75
710.75 74.75
710.75 74.75
710.75 74.75
710.75 74.75
710.75 74.75
710.75 74.75
710.75 74.75
710.75 74.75
710.75 74.75
710.75 74.75
710.75 74.75
710.75 74.75
710.75 74.75
710.75 74.75
710.75 74.75
710.75 74.75
710.75 74.75
710.75 74.75
710.75 74.75
710.75 74.75
710.75 74.75
710.75 74.75
710.75 74.75
710.75 74.75
710.75 74.75
710.75 74.75
710.75 74.75
710.75 74.75
710.75 74.75
710.75 74.75
710.75 74.75
710.75 74.75
710.75 74.75
710.75 74.75
710.75 74.75
710.75 74.75
710.75 74.75
710.75 74.75
710.75 74.75
710.75 74.75
710.75 74.75
710.75 74.75
710.75 74.75
710.75 74.75
710.75 74.75
710.75 74.75
710.75 74.75
710.75 74.75
710.75 74.75
710.75 74.75
710.75 74.75
710.75 74.75
710.75 74.75
710.75 74.75
710.75 74.75
710.75 74.75
710.75 74.75
710.75 74.75
710.75 74.75
710.75 74.75
710.75 74.75
710.75 74.75
710.75 74.75
710.75 74.75
710.75 74.75
710.75 74.75
710.75 74.75
710.75 74.75
710.75 74.75
710.75 74.75
710.75 74.75
710.75 74.75
710.75 74.75
710.75 74.75
710.75 74.75
710.75 74.75
710.75 74.75
710.75 74.75
710.75 74.75
710.75 74.75
710.75 74.75
710.75 74.75
710.75 74.75
710.75 74.75
710.75 74.75
710.75 74.75
710.75 74.75
710.75 74.75
710.75 74.75
710.75 74.75
710.75 74.75
710.75 74.75
710.75 74.75
710.75 74.75
710.75 74.75
710.75 74.75
710.75 74.75
710.75 74.75
710.75 74.75
710.75 74.75
710.75 74.75
710.75 74.75
710.75 74.75
710.75 74.75
710.75 74.75
710.75 74.75
710.75 74.75
710.75 74.75
710.75 74.75
710.75 74.75
710.75 74.75
710.75 74.75
710.75 74.75
710.75 74.75
710.75 74.75
710.75 74.75
710.75 74.75
710.75 74.75
710.75 74.75
710.75 74.75
710.75 74.75
710.75 74.75
710.75 74.75
710.75 74.75
710.75 74.75
710.75 74.75
710.75 74.75
710.75 74.75
710.75 74.75
710.75 74.75
710.75 74.75
710.75 74.75
710.75 74.75
710.75 74.75
710.75 74.75
710.75 74.75
710.75 74.75
710.75 74.75
710.75 74.75
710.75 74.75
710.75 74.75
710.75 74.75
710.75 74.75
710.75 74.75
710.75 74.75
710.75 74.75
710.75 74.75
710.75 74.75
710.75 74.75
710.75 74.75
710.75 74.75
710.75 74.75
710.75 74.75
710.75 74.75
710.75 74.75
710.75 74.75
710.75 74.75
710.75 74.75
710.75 74.75
710.75 74.75
710.75 74.75
710.75 74.75
710.75 74.75
710.75 74.75
710.75 74.75
710.75 74.75
710.75 74.75
710.75 74.75
710.75 74.75
710.75 74.75
710.75 74.75
710.75 74.75
710.75 74.75
710.75 74.75
710.75 74.75
710.75 74.75
710.75 74.75
710.75 74.75
710.75 74.75
710.75 74.75
710.75 74.75
710.75 74.75
710.75 74.75
710.75 74.75
710.75 74.75
710.75 74.75
710.75 74.75
710.75 74.75
710.75 74.75
710.75 74.75
710.75 74.75
710.75 74.75
710.75 74.75
710.75 74.75
710.75 74.75
710.75 74.75
710.75 74.75
710.75 74.75
710.75 74.75
710.75 74.75
710.75 74.75
710.75 74.75
710.75 74.75
710.75 74.75
710.75 74.75
710.75 74.75
710.75 74.75
710.75 74.75
710.75 74.75
710.75 74.75
710.75 74.75
710.75 74.75
710.75 74.75
710.75 74.75
710.75 74.75
710.75 74.75
710.75 74.75
710.75 74.75
710.75 74.75
710.75 74.75
710.75 74.75
710.75 74.75
710.75 74.75
710.75 74.75
710.75 74.75
710.75 74.75
710.75 74.75
710.75 74.75
710.75 74.75
710.75 74.75
710.75 74.75
710.75 74.75
710.75 74.75
710.75 74.75
710.75 74.75
710.75 74.75
710.75 74.75
710.75 74.75
710.75 74.75
710.75 74.75
710.75 74.75
710.75 74.75
710.75 74.75
710.75 74.75
710.75 74.75
710.75 74.75
710.75 74.75
710.75 74.75
710.75 74.75
710.75 74.75
710.75 74.75
710.75 74.75
710.75 74.75
710.75 74.75
710.75 74.75
710.75 74.75
710.75 74.75
710.75 74.75
710.75 74.75
710.75 74.75
710.75 74.75
710.75 74.75
710.75 74.75
710.75 74.75
710.75 74.75
710.75 74.75
710.75 74.75
710.75 74.75
710.75 74.75
710.75 74.75
710.75 74.75
710.75 74.75
710.75 74.75
710.75 74.75
710.75 74.75
710.75 74.75
710.75 74.75
710.75 74.75
710.75 74.75
710.75 74.75
710.75 74.75
710.75 74.75
710.75 74.75
710.75 74.75
710.75 74.75
710.75 74.75
710.75 74.75
710.75 74.75
710.75 74.75
710.75 74.75
710.75 74.75
710.75 74.75
710.75 74.75
710.75 74.75
710.75 74.75
710.75 74.75
710.75 74.75
710.75 74.75
710.75 74.75
710.75 74.75
710.75 74.75
710.75 74.75
710.75 74.75
710.75 74.75
710.75 74.75
710.75 74.75
710.75 74.75
710.75 74.75
710.75 74.75
710.75 74.75
710.75 74.75
710.75 74.75
710.75 74.75
710.75 74.75
710.75 74.75
710.75 74.75
710.75 74.75
710.75 74.75
710.75 74.75
710.75 74.75
710.75 74.75
710.75 74.75
710.75 74.75
710.75 74.75
710.75 74.75
710.75 74.75
710.75 74.75
710.75 74.75
710.75 74.75
710.75 74.75
710.75 74.75
710.75 74.75
710.75 74.75
710.75 74.75
710.75 74.75
710.75 74.75
710.75 74.75
710.75 74.75
710.75 74.75
710.75 74.75
710.75 74.75
710.75 74.75
710.75 74.75
710.75 74.75
710.75 74.75
710.75 74.75
710.75 74.75
710.75 74.75
710.75 74.75
710.75 74.75
710.75 74.75
710.75 74.75
710.75 74.75
710.75 74.75
710.75 74.75
710.75 74.75
710.75 74.75
710.75 74.75
710.75 74.75
710.75 74.75
710.75 74.75
710.75 74.75
710.75 74.75
710.75 74.75
710.75 74.75
710.75 74.75
710.75 74.75
710.75 74.75
710.75 74.75
710.75 74.75
710.75 74.75
710.75 74.75
710.75 74.75
710.75 74.75
710.75 74.75
710.75 74.75
710.75 74.75
710.75 74.75
710.75 74.75
710.75 74.75
710.75 74.75
710.75 74.75
710.75 74.75
710.75 74.75
710.75 74.75
710.75 74.75
710.75 74.75
710.75 74.75
710.75 74.75
710.75 74.75
710.75 74.75
710.75 74.75
710.75 74.75
710.75 74.75
710.75 74.75
710.75 74.75
710.75 74.75
710.75 74.75
710.75 74.75
710.75 74.75
710.75 74.75
710.75 74.75
710.75 74.75
710.75 74.75
710.75 74.75
710.75 74.75
710.75 74.75
710.75 74.75
710.75 74.75
710.75 74.75
710.75 74.75
710.75 74.75
710.75 74.75
710.75 74.75
710.75 74.75
710.75 74.75
710.75 74.75
710.75 74.75
710.75 74.75
710.75 74.75
710.75 74.75
710.75 74.75
710.75 74.75
710.75 74.75
710.75 74.75
710.75 74.75
710.75 74.75
710.75 74.75
710.75 74.75
710.75 74.75
710.75 74.75
710.75 74.75
710.75 74.75
710.75 74.75
710.75 74.75
710.75 74.75
710.75 74.75
710.75 74.75
710.75 74.75
710.75 74.75
710.75 74.75
710.75 74.75
710.75 74.75
710.75 74.75
710.75 74.75
710.75 74.75
710.75 74.75
710.75 74.75
710.75 74.75
710.75 74.75
710.75 74.75
710.75 74.75
710.75 74.75
710.75 74.75
710.75 74.75
710.75 74.75
710.75 74.75
710.75 74.75
710.75 74.75
710.75 74.75
710.75 74.75
710.75 74.75
710.75 74.75
710.75 74.75
710.75 74.75
710.75 74.75
710.75 74.75
710.75 74.75
710.75 74.75
710.75 74.75
710.75 74.75
710.75 74.75
710.75 74.75
710.75 74.75
710.75 74.75
710.75 74.75
710.75 74.75
710.75 74.75
710.75 74.75
710.75 74.75
710.75 74.75
710.75 74.75
710.75 74.75
710.75 74.75
710.75 74.75
710.75 74.75
710.75 74.75
710.75 74.75
710.75 74.75
710.75 74.75
710.75 74.75
710.75 74.75
710.75 74.75
710.75 74.75
710.75 74.75
710.75 74.75
710.75 74.75
710.75 74.75
710.75 74.75
710.75 74.75
710.75 74.75
710.75 74.75
710.75 74.75
710.75 74.75
710.75 74.75
710.75 74.75
710.75 74.75
710.75 74.75
710.75 74.75
710.75 74.75
710.75 74.75
710.75 74.75
710.75 74.75
710.75 74.75
710.75 74.75
710.75 74.75
710.75 74.75
710.75 74.75
710.75 74.75
710.75 74.75
710.75 74.75
710.75 74.75
710.75 74.75
710.75 74.75
710.75 74.75
710.75 74.75
710.75 74.75
710.75 74.75
710.75 74.75
710.75 74.75
710.75 74.75
710.75 74.75
710.75 74.75
710.75 74.75
710.75 74.75
710.75 74.75
710.75 74.75
710.75 74.75
710.75 74.75
710.75 74.75
710.75 74.75
710.75 74.75
710.75 74.75
710.75 74.75
710.75 74.75
710.75 74.75
710.75 74.75
710.75 74.75
710.75 74.75
710.75 74.75
710.75 74.75
710.75 74.75
710.75 74.75
710.75 74.75
710.75 74.75
710.75 74.75
710.75 74.75
710.75 74.75
710.75 74.75
710.75 74.75
710.75 74.75
710.75 74.75
710.75 74.75
710.75 74.75
710.75 74.75
710.75 74.75
710.75 74.75
710.75 74.75
710.75 74.75
710.75 74.75
710.75 74.75
710.75 74.75
710.75 74.75
710.75 74.75
710.75 74.75
710.75 74.75
710.75 74.75
710.75 74.75
710.75 74.75
710.75 74.75
710.75 74.75
710.75 74.75
710.75 74.75
710.75 74.75
710.75 74.75
710.75 74.75
710.75 74.75
710.75 74.75
710.75 74.75
710.75 74.75
710.75 74.75
710.75 74.75
710.75 74.75
710.75 74.75
710.75 74.75
710.75 74.75
710.75 74.75
710.75 74.75
710.75 74.75
710.75 74.75
710.75 74.75
710.75 74.75
710.75 74.75
710.75 74.75
710.75 74.75
710.75 74.75
710.75 74.75
710.75 74.75
710.75 74.75
710.75 74.75
710.75 74.75
710.75 74.75
710.75 74.75
710.75 74.75
710.75 74.75
710.75 74.75
710.75 74.75
710.75 74.75
710.75 74.75
710.75 74.75
710.75 74.75
710.75 74.75
710.75 74.75
710.75 74.75
710.75 74.75
710.75 74.75
710.75 74.75
710.75 74.75
710.75 74.75
710.75 74.75
710.75 74.75
710.75 74.75
710.75 74.75
710.75 74.75
710.75 74.75
710.75 74.75
710.75 74.75
710.75 74.75
710.75 74.75
710.75 74.75
710.75 74.75
710.75 74.75
710.75 74.75
710.75 74.75
710.75 74.75
710.75 74.75
710.75 74.75
710.75 74.75
710.75 74.75
710.75 74.75
710.75 74.75
710.75 74.75
710.75 74.75
710.75 74.75
710.75 74.75
710.75 74.75
710.75 74.75
710.75 74.75
710.75 74.75
710.75 74.75
710.75 74.75
710.75 74.75
710.75 74.75
710.75 74.75
710.75 74.75
710.75 74.75
710.75 74.75
710.75 74.75
710.75 74.75
710.75 74.75
710.75 74.75
710.75 74.75
710.75 74.75
710.75 74.75
710.75 74.75
710.75 74.75
710.75 74.75
710.75 74.75
710.75 74.75
710.75 74.75
710.75 74.75
710.75 74.75
710.75 74.75
710.75 74.75
710.75 74.75
710.75 74.75
710.75 74.75
710.75 74.75
710.75 74.75
710.75 74.75
710.75 74.75
710.75 74.75
710.75 74.75
710.75 74.75
710.75 74.75
710.75 74.75
710.75 74.75
710.75 74.75
710.75 74.75
710.75 74.75
710.75 74.75
710.75 74.75
710.75 74.75
710.75 74.75
710.75 74.75
710.75 74.75
710.75 74.75
710.75 74.75
710.75 74.75
710.75 74.75
710.75 74.75
710.75 74.75
710.75 74.75
710.75 74.75
710.75 74.75
710.75 74.75
710.75 74.75
710.75 74.75
710.75 74.75
710.75 74.75
710.75 74.75
710.75 74.75
710.75 74.75
710.75 74.75
710.75 74.75
710.75 74.75
710.75 74.75
710.75 74.75
710.75 74.75
710.75 74.75
710.75 74.75
710.75 74.75
710.75 74.75
710.75 74.75
710.75 74.75
710.75 74.75
710.75 74.75
710.75 74.75
710.75 74.75
710.75 74.75
710.75 74.75
710.75 74.75
710.75 74.75
710.75 74.75
710.75 74.75
710.75 74.75
710.75 74.75
710.75 74.75
710.75 74.75
710.75 74.75
710.75 74.75
710.75 74.75
710.75 74.75
710.75 74.75
710.75 74.75
710.75 74.75
710.75 74.75
710.75 74.75
710.75 74.75
710.75 74.75
710.75 74.75
710.75 74.75
710.75 74.75
710.75 74.75
710.75 74.75
710.75 74.75
710.75 74.75
710.75 74.75
710.75 74.75
710.75 74.75
710.75 74.75
710.75 74.75
710.75 74.75
710.75 74.75
710.75 74.75
710.75 74.75
710.75 74.75
710.75 74.75
710.75 74.75
710.75 74.75
710.75 74.75
710.75 74.75
710.75 74.75
710.75 74.75
710.75 74.75
710.75 74.75
710.75 74.75
710.75 74.75
710.75 74.75
710.75 74.75
710.75 74.75
710.75 74.75
710.75 74.75
710.75 74.75
710.75 74.75
710.75 74.75
710.75 74.75
710.75 74.75
710.75 74.75
710.75 74.75
710.75 74.75
710.75 74.75
710.75 74.75
710.75 74.75
710.75 74.75
710.75 72.75
710.75 73.25
710.75 74.75
710.75 74.75
710.75 74.75
710.75 74.75
710.75 74.75
710.75 72.75
710.75 72.75
710.75 72.75
710.75 72.75
710.75 71.25
710.75 72.75
