716 74
716 74
718 74
718 72
718 74
718 76
718 74
718 74
720 74
720 74
720 74
720 74
720 74
720 74
720 74
720 74
720 74
720 74
720 74
720 74
720 74
720 74
720 74
720 74
720 74
720 74
720 74
720 74
720 74
720 74
720 74
720 74
720 74
720 74
720 74
720 74
720 74
720 74
720 74
720 74
720 74
720 74
720 74
720 74
720 74
720 74
720 74
720 74
720 74
720 74
720 74
720 74
720 74
720 74
720 74
720 74
720 74
720 74
720 74
720 74
720 74
720 74
720 74
720 74
720 74
720 74
720 74
720 74
720 74
720 74
720 74
720 74
720 74
720 74
720 74
720 74
720 74
720 74
720 74
720 74
720 74
720 74
720 74
720 74
720 74
720 74
720 74
720 74
720 74
720 74
720 74
718 74
718 74
718 74
718 74
718 74
718 74
716 74
716 74
716 74
716 74
716 74
716 74
716 74
716 74
716 74
716 74
716 74
716 74
716 74
716 74
716 74
716 74
716 74
716 74
718 74
722 74
728 74
738 74
748 74
760 72
770 72
782 72
794 72
804 72
810 72
816 72
818 72
818 72
816 72
812 72
806 72
798 72
788 72
776 72
766 72
754 72
742 74
730 74
718 74
710 74
702 74
696 74
692 74
692 74
692 74
696 74
700 74
706 74
714 74
722 74
730 74
738 74
746 74
754 74
760 72
764 72
766 72
766 72
766 72
762 72
760 72
754 72
748 74
742 74
734 74
724 74
716 74
708 74
702 74
696 74
690 74
688 74
686 74
686 74
686 74
688 74
692 74
696 74
700 74
706 74
710 74
716 74
720 74
726 74
730 74
732 74
734 74
734 74
734 74
732 74
730 74
726 74
724 74
720 74
716 74
712 74
708 74
704 74
700 74
698 74
696 74
696 74
696 74
696 74
696 74
698 74
700 74
702 74
704 74
706 74
710 74
712 74
714 74
716 74
718 74
720 74
720 74
720 74
720 74
718 74
718 74
718 74
716 74
716 74
714 74
714 74
712 74
712 74
712 74
712 74
712 74
712 74
712 74
712 74
712 74
712 74
712 74
712 74
712 74
712 74
712 74
712 74
712 74
712 74
712 74
712 74
712 74
712 74
712 74
712 74
712 74
712 74
712 74
712 74
712 74
712 74
712 74
712 74
712 74
712 74
712 74
712 74
712 74
712 74
712 74
712 74
712 74
712 74
712 74
712 74
712 74
712 74
712 74
712 74
712 74
712 74
712 74
712 74
712 74
712 74
712 74
712 74
712 74
712 74
712 74
712 74
712 74
712 74
712 74
712 74
712 74
712 74
712 74
712 74
712 74
712 74
712 74
712 74
712 74
712 74
712 74
712 74
712 74
712 74
712 74
712 74
712 74
712 74
712 74
712 74
712 74
712 74
712 74
712 74
712 74
712 74
712 74
712 74
712 74
712 74
712 74
712 74
712 74
712 74
712 74
712 74
712 74
712 74
712 74
712 74
712 74
712 74
712 74
712 74
712 74
712 74
712 74
712 74
712 74
712 74
712 74
712 74
712 74
712 74
712 74
712 74
712 74
712 74
712 74
712 74
712 74
712 74
712 74
712 74
712 74
712 74
712 74
712 74
712 74
712 74
712 74
712 74
712 74
712 74
712 74
712 74
712 74
712 74
712 74
712 74
712 74
712 74
712 74
712 74
712 74
712 74
712 74
712 74
712 74
712 74
712 74
712 74
712 74
712 74
712 74
712 74
712 74
712 74
712 74
712 74
712 74
712 74
712 74
712 74
712 74
712 74
712 74
712 74
712 74
712 74
712 74
712 74
712 74
712 74
712 74
712 74
712 74
712 74
712 74
712 74
712 74
712 74
712 74
712 74
712 74
712 74
712 74
712 74
712 74
712 74
712 74
712 74
712 74
712 74
712 74
712 74
712 74
712 74
712 74
712 74
712 74
712 74
712 74
712 74
712 74
712 74
712 74
712 74
712 74
712 74
712 74
712 74
712 74
712 74
712 74
712 74
712 74
712 74
712 74
712 74
712 74
712 74
712 74
712 74
712 74
712 74
712 74
712 74
712 74
712 74
712 74
712 74
712 74
712 74
712 74
712 74
712 74
712 74
712 74
712 74
712 74
712 74
712 74
712 74
712 74
712 74
712 74
712 74
712 74
712 74
712 74
712 74
712 74
712 74
712 74
712 74
712 74
712 74
712 74
712 74
712 74
712 74
712 74
712 74
712 74
712 74
712 74
712 74
712 74
712 74
712 74
712 74
712 74
712 74
712 74
712 74
712 74
712 74
712 74
712 74
712 74
712 74
712 74
712 74
712 74
712 74
712 74
712 74
712 74
712 74
712 74
712 74
712 74
712 74
712 74
712 74
712 74
712 74
712 74
712 74
712 74
712 74
712 74
712 74
712 74
712 74
712 74
712 74
712 74
712 74
712 74
712 74
712 74
712 74
712 74
712 74
712 74
712 74
712 74
712 74
712 74
712 74
712 74
712 74
712 74
712 74
712 74
712 74
712 74
712 74
712 74
712 74
712 74
712 74
712 74
712 74
712 74
712 74
712 74
712 74
712 74
712 74
712 74
712 74
712 74
712 74
712 74
712 74
712 74
712 74
712 74
712 74
712 74
712 74
712 74
712 74
712 74
712 74
712 74
712 74
712 74
712 74
712 74
712 74
712 74
712 74
712 74
712 74
712 74
712 74
712 74
712 74
712 74
712 74
712 74
712 74
712 74
712 74
712 74
712 74
712 74
712 74
712 74
712 74
712 74
712 74
712 74
712 74
712 74
712 74
712 74
712 74
712 74
712 74
712 74
712 74
712 74
712 74
712 74
712 74
712 74
712 74
712 74
712 74
712 74
712 74
712 74
712 74
712 74
712 74
712 74
712 74
712 74
712 74
712 74
712 74
712 74
712 74
712 74
712 74
712 74
712 74
712 74
712 74
712 74
712 74
712 74
712 74
712 74
712 74
712 74
712 74
712 74
712 74
712 74
712 74
712 74
712 74
712 74
712 74
712 74
712 74
712 74
712 74
712 74
712 74
712 74
712 74
712 74
712 74
712 74
712 74
712 74
712 74
712 74
712 74
712 74
712 74
712 74
712 74
712 74
712 74
712 74
712 74
712 74
712 74
712 74
712 74
712 74
712 74
712 74
712 74
712 74
712 74
712 74
712 74
712 74
712 74
712 74
712 74
712 74
712 74
712 74
712 74
712 74
712 74
712 74
712 74
712 74
712 74
712 74
712 74
712 74
712 74
712 74
712 74
712 74
712 74
712 74
712 74
712 74
712 74
712 74
712 74
712 74
712 74
712 74
712 74
712 74
712 74
712 74
712 74
712 74
712 74
712 74
712 74
712 74
712 74
712 74
712 74
712 74
712 74
712 74
712 74
712 74
712 74
712 74
712 74
712 74
712 74
712 74
712 74
712 74
712 74
712 74
712 74
712 74
712 74
712 74
712 74
712 74
712 74
712 74
712 74
712 74
712 74
712 74
712 74
712 74
712 74
712 74
712 74
712 74
712 74
712 74
712 74
712 74
712 74
712 74
712 74
712 74
712 74
712 74
712 74
712 74
712 74
712 74
712 74
712 74
712 74
712 74
712 74
712 74
712 74
712 74
712 74
712 74
712 74
712 74
712 74
712 74
712 74
712 74
712 74
712 74
712 74
712 74
712 74
712 74
712 74
712 74
712 74
712 74
712 74
712 74
712 74
712 74
712 74
712 74
712 74
712 74
712 74
712 74
712 74
712 74
712 74
712 74
712 74
712 74
712 74
712 74
712 74
712 74
712 74
712 74
712 74
712 74
712 74
712 74
712 74
712 74
712 74
712 74
712 74
712 74
712 74
712 74
712 74
712 74
712 74
712 74
712 74
712 74
712 74
712 74
712 74
712 74
712 74
712 74
712 74
712 74
712 74
712 74
712 74
712 74
712 74
712 74
712 74
712 74
712 74
712 74
712 74
712 74
712 74
712 74
712 74
712 74
712 74
712 74
712 74
712 74
712 74
712 74
712 74
712 74
712 74
712 74
712 74
712 74
712 74
712 74
712 74
712 74
712 74
712 74
712 74
712 74
712 74
712 74
712 74
712 74
712 74
712 74
712 74
712 74
712 74
712 74
712 74
712 74
712 74
712 74
712 74
712 74
712 74
712 74
712 74
712 74
712 74
712 74
712 74
712 74
712 74
712 74
712 74
712 74
712 74
712 74
712 74
712 74
712 74
712 74
712 74
712 74
712 74
712 74
712 74
712 74
712 74
712 74
712 74
712 74
712 74
712 74
712 74
712 74
712 74
712 74
712 74
712 74
712 74
712 74
712 74
712 74
712 74
712 74
712 74
712 74
712 74
712 74
712 74
712 74
712 74
712 74
712 74
712 74
712 74
712 74
712 74
712 74
712 74
712 74
712 74
712 74
712 74
712 74
712 74
712 74
712 74
712 74
712 74
712 74
712 74
712 74
712 74
712 74
712 74
712 74
712 74
712 74
712 74
712 74
712 74
712 74
712 74
712 74
712 74
712 74
712 74
712 74
712 74
712 74
712 74
712 74
712 74
712 74
712 74
712 74
712 74
712 74
712 74
712 74
712 74
712 74
712 74
712 74
712 74
712 74
712 74
712 74
712 74
712 74
712 74
712 74
712 74
712 74
712 74
712 74
712 74
712 74
712 74
712 74
712 74
712 74
712 74
712 74
712 74
712 74
712 74
712 74
712 74
712 74
712 74
712 74
712 74
712 74
712 74
712 74
712 74
712 74
712 74
712 74
712 74
712 74
712 74
712 74
712 74
712 74
712 74
712 74
712 74
712 74
712 74
712 74
712 74
712 74
712 74
712 74
712 74
712 74
712 74
712 74
712 74
712 74
712 74
712 74
712 74
712 74
712 74
712 74
712 74
712 74
712 74
712 74
712 74
712 74
712 74
712 74
712 74
712 74
712 74
712 74
712 74
712 74
712 74
712 74
712 74
712 74
712 74
712 74
712 74
712 74
712 74
712 74
712 74
712 74
712 74
712 74
712 74
712 74
712 74
712 74
712 74
712 74
712 74
712 74
712 74
712 74
712 74
712 74
712 74
712 74
712 74
712 74
712 74
712 74
712 74
712 74
712 74
712 74
712 74
712 74
712 74
712 74
712 74
712 74
712 74
712 74
712 74
712 74
712 74
712 74
712 74
712 74
712 74
712 74
712 74
712 74
712 74
712 74
712 74
712 74
712 74
712 74
712 74
712 74
712 74
712 74
712 74
712 74
712 74
712 74
712 74
712 74
712 74
712 74
712 74
712 74
712 74
712 74
712 74
712 74
712 74
712 74
712 74
712 74
712 74
712 74
712 74
712 74
712 74
712 74
712 74
712 74
712 74
712 74
712 74
712 74
712 74
712 74
712 74
712 74
712 74
712 74
712 74
712 74
712 74
712 74
712 74
712 74
712 74
712 74
712 74
712 74
712 74
712 74
712 74
712 74
712 74
712 74
712 74
712 74
712 74
712 74
712 74
712 74
712 74
712 74
712 74
712 74
712 74
712 74
712 74
712 74
712 74
712 74
712 74
712 74
712 74
712 74
712 74
712 74
712 74
712 74
712 74
712 74
712 74
712 74
712 74
712 74
712 74
712 74
712 74
712 74
712 74
712 74
712 74
712 74
712 74
712 74
712 74
712 74
712 74
712 74
712 74
712 74
712 74
712 74
712 74
712 74
712 74
712 74
712 74
712 74
712 74
712 74
712 74
712 74
712 74
712 74
712 74
712 74
712 74
712 74
712 74
712 74
712 74
712 74
712 74
712 74
712 74
712 74
712 74
712 74
712 74
712 74
712 74
712 74
712 74
712 74
712 74
712 74
712 74
712 74
712 74
712 74
712 74
712 74
712 74
712 74
712 74
712 72
712 72
712 74
712 74
712 74
712 74
712 74
712 72
712 72
712 72
712 72
712 70
712 72
