717 73
717 73
719 73
717 71
719 75
717 77
719 73
719 73
719 73
719 73
719 73
719 73
719 73
719 73
719 73
719 73
719 73
719 73
719 73
719 73
719 73
719 73
719 73
719 73
719 73
719 73
719 73
719 73
719 73
719 73
719 73
719 73
719 73
719 73
719 73
719 73
719 73
719 73
719 73
719 73
719 73
719 73
719 73
719 73
719 73
719 73
719 73
719 73
719 73
719 73
719 73
719 73
719 73
719 73
719 73
719 73
719 73
719 73
719 73
719 73
719 73
719 73
719 73
719 73
719 73
719 73
719 73
719 73
719 73
719 73
719 73
719 73
719 73
719 73
719 73
719 73
719 73
719 73
719 73
719 73
719 73
719 73
719 73
719 73
719 73
719 73
719 73
719 73
719 73
719 73
719 73
717 73
719 73
717 73
719 73
717 73
717 73
717 73
717 73
717 73
717 73
717 73
717 73
717 73
717 73
717 73
717 73
717 73
717 73
717 73
717 73
717 73
717 73
717 73
717 73
719 73
721 73
729 73
739 73
747 73
759 71
769 73
783 71
793 73
805 71
811 73
815 71
817 73
819 71
815 73
811 71
805 73
799 71
787 73
775 71
765 73
755 71
741 75
729 75
719 75
709 75
703 75
695 75
691 75
691 75
691 75
695 75
699 75
705 75
713 75
721 75
731 75
737 75
747 75
753 75
759 75
763 73
765 71
767 73
765 71
763 73
759 71
753 73
749 73
741 73
733 73
725 73
717 73
709 73
703 73
695 73
689 73
687 73
685 73
685 73
687 73
687 73
691 73
695 73
699 73
705 73
711 73
715 73
719 73
725 73
729 73
733 73
735 73
733 73
735 73
731 73
729 73
727 73
723 73
719 73
715 73
711 73
707 73
703 73
699 73
697 73
697 73
695 73
695 73
695 73
695 73
697 73
701 73
703 73
703 73
705 73
709 73
713 73
715 73
715 73
717 73
719 73
719 73
719 73
719 73
717 73
719 73
717 73
717 73
717 73
715 73
713 73
713 73
713 73
713 73
713 73
713 73
713 73
713 73
713 73
713 73
713 73
713 73
713 73
713 73
713 73
713 73
713 73
713 73
713 73
713 73
713 73
713 73
713 73
713 73
713 73
713 73
713 73
713 73
713 73
713 73
713 73
713 73
713 73
713 73
713 73
713 73
713 73
713 73
713 73
713 73
713 73
713 73
713 73
713 73
713 73
713 73
713 73
713 73
713 73
713 73
713 73
713 73
713 73
713 73
713 73
713 73
713 73
713 73
713 73
713 73
713 73
713 73
713 73
713 73
713 73
713 73
713 73
713 73
713 73
713 73
713 73
713 73
713 73
713 73
713 73
713 73
713 73
713 73
713 73
713 73
713 73
713 73
713 73
713 73
713 73
713 73
713 73
713 73
713 73
713 73
713 73
713 73
713 73
713 73
713 73
713 73
713 73
713 73
713 73
713 73
713 73
713 73
713 73
713 73
713 73
713 73
713 73
713 73
713 73
713 73
713 73
713 73
713 73
713 73
713 73
713 73
713 73
713 73
713 73
713 73
713 73
713 73
713 73
713 73
713 73
713 73
713 73
713 73
713 73
713 73
713 73
713 73
713 73
713 73
713 73
713 73
713 73
713 73
713 73
713 73
713 73
713 73
713 73
713 73
713 73
713 73
713 73
713 73
713 73
713 73
713 73
713 73
713 73
713 73
713 73
713 73
713 73
713 73
713 73
713 73
713 73
713 73
713 73
713 73
713 73
713 73
713 73
713 73
713 73
713 73
713 73
713 73
713 73
713 73
713 73
713 73
713 73
713 73
713 73
713 73
713 73
713 73
713 73
713 73
713 73
713 73
713 73
713 73
713 73
713 73
713 73
713 73
713 73
713 73
713 73
713 73
713 73
713 73
713 73
713 73
713 73
713 73
713 73
713 73
713 73
713 73
713 73
713 73
713 73
713 73
713 73
713 73
713 73
713 73
713 73
713 73
713 73
713 73
713 73
713 73
713 73
713 73
713 73
713 73
713 73
713 73
713 73
713 73
713 73
713 73
713 73
713 73
713 73
713 73
713 73
713 73
713 73
713 73
713 73
713 73
713 73
713 73
713 73
713 73
713 73
713 73
713 73
713 73
713 73
713 73
713 73
713 73
713 73
713 73
713 73
713 73
713 73
713 73
713 73
713 73
713 73
713 73
713 73
713 73
713 73
713 73
713 73
713 73
713 73
713 73
713 73
713 73
713 73
713 73
713 73
713 73
713 73
713 73
713 73
713 73
713 73
713 73
713 73
713 73
713 73
713 73
713 73
713 73
713 73
713 73
713 73
713 73
713 73
713 73
713 73
713 73
713 73
713 73
713 73
713 73
713 73
713 73
713 73
713 73
713 73
713 73
713 73
713 73
713 73
713 73
713 73
713 73
713 73
713 73
713 73
713 73
713 73
713 73
713 73
713 73
713 73
713 73
713 73
713 73
713 73
713 73
713 73
713 73
713 73
713 73
713 73
713 73
713 73
713 73
713 73
713 73
713 73
713 73
713 73
713 73
713 73
713 73
713 73
713 73
713 73
713 73
713 73
713 73
713 73
713 73
713 73
713 73
713 73
713 73
713 73
713 73
713 73
713 73
713 73
713 73
713 73
713 73
713 73
713 73
713 73
713 73
713 73
713 73
713 73
713 73
713 73
713 73
713 73
713 73
713 73
713 73
713 73
713 73
713 73
713 73
713 73
713 73
713 73
713 73
713 73
713 73
713 73
713 73
713 73
713 73
713 73
713 73
713 73
713 73
713 73
713 73
713 73
713 73
713 73
713 73
713 73
713 73
713 73
713 73
713 73
713 73
713 73
713 73
713 73
713 73
713 73
713 73
713 73
713 73
713 73
713 73
713 73
713 73
713 73
713 73
713 73
713 73
713 73
713 73
713 73
713 73
713 73
713 73
713 73
713 73
713 73
713 73
713 73
713 73
713 73
713 73
713 73
713 73
713 73
713 73
713 73
713 73
713 73
713 73
713 73
713 73
713 73
713 73
713 73
713 73
713 73
713 73
713 73
713 73
713 73
713 73
713 73
713 73
713 73
713 73
713 73
713 73
713 73
713 73
713 73
713 73
713 73
713 73
713 73
713 73
713 73
713 73
713 73
713 73
713 73
713 73
713 73
713 73
713 73
713 73
713 73
713 73
713 73
713 73
713 73
713 73
713 73
713 73
713 73
713 73
713 73
713 73
713 73
713 73
713 73
713 73
713 73
713 73
713 73
713 73
713 73
713 73
713 73
713 73
713 73
713 73
713 73
713 73
713 73
713 73
713 73
713 73
713 73
713 73
713 73
713 73
713 73
713 73
713 73
713 73
713 73
713 73
713 73
713 73
713 73
713 73
713 73
713 73
713 73
713 73
713 73
713 73
713 73
713 73
713 73
713 73
713 73
713 73
713 73
713 73
713 73
713 73
713 73
713 73
713 73
713 73
713 73
713 73
713 73
713 73
713 73
713 73
713 73
713 73
713 73
713 73
713 73
713 73
713 73
713 73
713 73
713 73
713 73
713 73
713 73
713 73
713 73
713 73
713 73
713 73
713 73
713 73
713 73
713 73
713 73
713 73
713 73
713 73
713 73
713 73
713 73
713 73
713 73
713 73
713 73
713 73
713 73
713 73
713 73
713 73
713 73
713 73
713 73
713 73
713 73
713 73
713 73
713 73
713 73
713 73
713 73
713 73
713 73
713 73
713 73
713 73
713 73
713 73
713 73
713 73
713 73
713 73
713 73
713 73
713 73
713 73
713 73
713 73
713 73
713 73
713 73
713 73
713 73
713 73
713 73
713 73
713 73
713 73
713 73
713 73
713 73
713 73
713 73
713 73
713 73
713 73
713 73
713 73
713 73
713 73
713 73
713 73
713 73
713 73
713 73
713 73
713 73
713 73
713 73
713 73
713 73
713 73
713 73
713 73
713 73
713 73
713 73
713 73
713 73
713 73
713 73
713 73
713 73
713 73
713 73
713 73
713 73
713 73
713 73
713 73
713 73
713 73
713 73
713 73
713 73
713 73
713 73
713 73
713 73
713 73
713 73
713 73
713 73
713 73
713 73
713 73
713 73
713 73
713 73
713 73
713 73
713 73
713 73
713 73
713 73
713 73
713 73
713 73
713 73
713 73
713 73
713 73
713 73
713 73
713 73
713 73
713 73
713 73
713 73
713 73
713 73
713 73
713 73
713 73
713 73
713 73
713 73
713 73
713 73
713 73
713 73
713 73
713 73
713 73
713 73
713 73
713 73
713 73
713 73
713 73
713 73
713 73
713 73
713 73
713 73
713 73
713 73
713 73
713 73
713 73
713 73
713 73
713 73
713 73
713 73
713 73
713 73
713 73
713 73
713 73
713 73
713 73
713 73
713 73
713 73
713 73
713 73
713 73
713 73
713 73
713 73
713 73
713 73
713 73
713 73
713 73
713 73
713 73
713 73
713 73
713 73
713 73
713 73
713 73
713 73
713 73
713 73
713 73
713 73
713 73
713 73
713 73
713 73
713 73
713 73
713 73
713 73
713 73
713 73
713 73
713 73
713 73
713 73
713 73
713 73
713 73
713 73
713 73
713 73
713 73
713 73
713 73
713 73
713 73
713 73
713 73
713 73
713 73
713 73
713 73
713 73
713 73
713 73
713 73
713 73
713 73
713 73
713 73
713 73
713 73
713 73
713 73
713 73
713 73
713 73
713 73
713 73
713 73
713 73
713 73
713 73
713 73
713 73
713 73
713 73
713 73
713 73
713 73
713 73
713 73
713 73
713 73
713 73
713 73
713 73
713 73
713 73
713 73
713 73
713 73
713 73
713 73
713 73
713 73
713 73
713 73
713 73
713 73
713 73
713 73
713 73
713 73
713 73
713 73
713 73
713 73
713 73
713 73
713 73
713 73
713 73
713 73
713 73
713 73
713 73
713 73
713 73
713 73
713 73
713 73
713 73
713 73
713 73
713 73
713 73
713 73
713 73
713 73
713 73
713 73
713 73
713 73
713 73
713 73
713 73
713 73
713 73
713 73
713 73
713 73
713 73
713 73
713 73
713 73
713 73
713 73
713 73
713 73
713 73
713 73
713 73
713 73
713 73
713 73
713 73
713 73
713 73
713 73
713 73
713 73
713 73
713 73
713 73
713 73
713 73
713 73
713 73
713 73
713 73
713 73
713 73
713 73
713 73
713 73
713 73
713 73
713 73
713 73
713 73
713 73
713 73
713 73
713 73
713 73
713 73
713 73
713 73
713 73
713 73
713 73
713 73
713 73
713 73
713 73
713 73
713 73
713 73
713 73
713 73
713 73
713 73
713 73
713 73
713 73
713 73
713 73
713 73
713 73
713 73
713 73
713 73
713 73
713 73
713 73
713 73
713 73
713 73
713 73
713 73
713 73
713 73
713 73
713 73
713 73
713 73
713 73
713 73
713 73
713 73
713 73
713 73
713 73
713 73
713 73
713 73
713 73
713 73
713 73
713 73
713 73
713 73
713 73
713 73
713 73
713 73
713 73
713 73
713 73
713 73
713 73
713 73
713 73
713 73
713 73
713 73
713 73
713 73
713 73
713 73
713 73
713 73
713 73
713 73
713 73
713 73
713 73
713 73
713 73
713 73
713 73
713 73
713 73
713 73
713 73
713 73
713 73
713 73
713 73
713 73
713 73
713 73
713 73
713 73
713 73
713 73
713 73
713 73
713 73
713 73
713 73
713 73
713 73
713 73
713 73
713 73
713 73
713 73
713 73
713 73
713 73
713 73
713 73
713 73
713 73
713 73
713 73
713 73
713 73
713 73
713 73
713 73
713 73
713 73
713 73
713 73
713 73
713 73
713 73
713 73
713 73
713 73
713 73
713 73
713 73
713 73
713 71
713 73
713 73
713 73
713 73
713 73
713 73
713 71
713 71
713 71
713 71
713 71
713 71
