714 76
714 76
716 76
716 74
716 76
716 78
716 76
716 76
718 76
718 76
718 76
718 76
718 76
718 76
718 76
718 76
718 76
718 76
718 76
718 76
718 76
718 76
718 76
718 76
718 76
718 76
718 76
718 76
718 76
718 76
718 76
718 76
718 76
718 76
718 76
718 76
718 76
718 76
718 76
718 76
718 76
718 76
718 76
718 76
718 76
718 76
718 76
718 76
718 76
718 76
718 76
718 76
718 76
718 76
718 76
718 76
718 76
718 76
718 76
718 76
718 76
718 76
718 76
718 76
718 76
718 76
718 76
718 76
718 76
718 76
718 76
718 76
718 76
718 76
718 76
718 76
718 76
718 76
718 76
718 76
718 76
718 76
718 76
718 76
718 76
718 76
718 76
718 76
718 76
718 76
718 76
716 76
716 76
716 76
716 76
716 76
716 76
714 76
714 76
714 76
714 76
714 76
714 76
714 76
714 76
714 76
714 76
714 76
714 76
714 76
714 76
714 76
714 76
714 76
714 76
716 76
720 76
726 76
734 76
746 76
758 74
768 74
780 74
792 74
802 74
808 74
814 74
816 74
816 74
814 74
810 74
804 74
796 74
786 74
774 74
764 74
752 74
740 76
728 76
716 76
708 76
700 76
694 76
690 76
690 76
690 76
694 76
698 76
704 76
710 76
718 76
728 76
736 76
744 76
752 74
758 74
762 74
764 74
764 74
762 74
760 74
756 74
752 74
746 74
740 76
732 76
722 76
714 76
706 76
700 76
694 76
690 76
686 76
684 76
684 76
684 76
686 76
690 76
694 76
698 76
704 76
708 76
714 76
718 76
724 76
728 76
730 76
732 76
732 76
732 76
730 76
728 76
724 76
722 76
718 76
714 76
710 76
706 76
702 76
698 76
696 76
694 76
694 76
694 76
694 76
694 76
696 76
698 76
700 76
702 76
704 76
706 76
710 76
712 76
714 76
716 76
716 76
716 76
716 76
716 76
716 76
716 76
714 76
714 76
712 76
712 76
710 76
710 76
710 76
708 76
708 76
708 76
708 76
708 76
708 76
708 76
708 76
708 76
708 76
708 76
708 76
708 76
708 76
708 76
708 76
708 76
708 76
708 76
708 76
708 76
708 76
708 76
708 76
708 76
708 76
708 76
708 76
708 76
708 76
708 76
708 76
708 76
708 76
708 76
708 76
708 76
708 76
708 76
708 76
708 76
708 76
708 76
708 76
708 76
708 76
708 76
708 76
708 76
708 76
708 76
708 76
708 76
708 76
708 76
708 76
708 76
708 76
708 76
708 76
708 76
708 76
708 76
708 76
708 76
708 76
708 76
708 76
708 76
708 76
708 76
708 76
708 76
708 76
708 76
708 76
708 76
708 76
708 76
708 76
708 76
708 76
708 76
708 76
708 76
708 76
708 76
708 76
708 76
708 76
708 76
708 76
708 76
708 76
708 76
708 76
708 76
708 76
708 76
708 76
708 76
708 76
708 76
708 76
708 76
708 76
708 76
708 76
708 76
708 76
708 76
708 76
708 76
708 76
708 76
708 76
708 76
708 76
708 76
708 76
708 76
708 76
708 76
708 76
708 76
708 76
708 76
708 76
708 76
708 76
708 76
708 76
708 76
708 76
708 76
708 76
708 76
708 76
708 76
708 76
708 76
708 76
708 76
708 76
708 76
708 76
708 76
708 76
708 76
708 76
708 76
708 76
708 76
708 76
708 76
708 76
708 76
708 76
708 76
708 76
708 76
708 76
708 76
708 76
708 76
708 76
708 76
708 76
708 76
708 76
708 76
708 76
708 76
708 76
708 76
708 76
708 76
708 76
708 76
708 76
708 76
708 76
708 76
708 76
708 76
708 76
708 76
708 76
708 76
708 76
708 76
708 76
708 76
708 76
708 76
708 76
708 76
708 76
708 76
708 76
708 76
708 76
708 76
708 76
708 76
708 76
708 76
708 76
708 76
708 76
708 76
708 76
708 76
708 76
708 76
708 76
708 76
708 76
708 76
708 76
708 76
708 76
708 76
708 76
708 76
708 76
708 76
708 76
708 76
708 76
708 76
708 76
708 76
708 76
708 76
708 76
708 76
708 76
708 76
708 76
708 76
708 76
708 76
708 76
708 76
708 76
708 76
708 76
708 76
708 76
708 76
708 76
708 76
708 76
708 76
708 76
708 76
708 76
708 76
708 76
708 76
708 76
708 76
708 76
708 76
708 76
708 76
708 76
708 76
708 76
708 76
708 76
708 76
708 76
708 76
708 76
708 76
708 76
708 76
708 76
708 76
708 76
708 76
708 76
708 76
708 76
708 76
708 76
708 76
708 76
708 76
708 76
708 76
708 76
708 76
708 76
708 76
708 76
708 76
708 76
708 76
708 76
708 76
708 76
708 76
708 76
708 76
708 76
708 76
708 76
708 76
708 76
708 76
708 76
708 76
708 76
708 76
708 76
708 76
708 76
708 76
708 76
708 76
708 76
708 76
708 76
708 76
708 76
708 76
708 76
708 76
708 76
708 76
708 76
708 76
708 76
708 76
708 76
708 76
708 76
708 76
708 76
708 76
708 76
708 76
708 76
708 76
708 76
708 76
708 76
708 76
708 76
708 76
708 76
708 76
708 76
708 76
708 76
708 76
708 76
708 76
708 76
708 76
708 76
708 76
708 76
708 76
708 76
708 76
708 76
708 76
708 76
708 76
708 76
708 76
708 76
708 76
708 76
708 76
708 76
708 76
708 76
708 76
708 76
708 76
708 76
708 76
708 76
708 76
708 76
708 76
708 76
708 76
708 76
708 76
708 76
708 76
708 76
708 76
708 76
708 76
708 76
708 76
708 76
708 76
708 76
708 76
708 76
708 76
708 76
708 76
708 76
708 76
708 76
708 76
708 76
708 76
708 76
708 76
708 76
708 76
708 76
708 76
708 76
708 76
708 76
708 76
708 76
708 76
708 76
708 76
708 76
708 76
708 76
708 76
708 76
708 76
708 76
708 76
708 76
708 76
708 76
708 76
708 76
708 76
708 76
708 76
708 76
708 76
708 76
708 76
708 76
708 76
708 76
708 76
708 76
708 76
708 76
708 76
708 76
708 76
708 76
708 76
708 76
708 76
708 76
708 76
708 76
708 76
708 76
708 76
708 76
708 76
708 76
708 76
708 76
708 76
708 76
708 76
708 76
708 76
708 76
708 76
708 76
708 76
708 76
708 76
708 76
708 76
708 76
708 76
708 76
708 76
708 76
708 76
708 76
708 76
708 76
708 76
708 76
708 76
708 76
708 76
708 76
708 76
708 76
708 76
708 76
708 76
708 76
708 76
708 76
708 76
708 76
708 76
708 76
708 76
708 76
708 76
708 76
708 76
708 76
708 76
708 76
708 76
708 76
708 76
708 76
708 76
708 76
708 76
708 76
708 76
708 76
708 76
708 76
708 76
708 76
708 76
708 76
708 76
708 76
708 76
708 76
708 76
708 76
708 76
708 76
708 76
708 76
708 76
708 76
708 76
708 76
708 76
708 76
708 76
708 76
708 76
708 76
708 76
708 76
708 76
708 76
708 76
708 76
708 76
708 76
708 76
708 76
708 76
708 76
708 76
708 76
708 76
708 76
708 76
708 76
708 76
708 76
708 76
708 76
708 76
708 76
708 76
708 76
708 76
708 76
708 76
708 76
708 76
708 76
708 76
708 76
708 76
708 76
708 76
708 76
708 76
708 76
708 76
708 76
708 76
708 76
708 76
708 76
708 76
708 76
708 76
708 76
708 76
708 76
708 76
708 76
708 76
708 76
708 76
708 76
708 76
708 76
708 76
708 76
708 76
708 76
708 76
708 76
708 76
708 76
708 76
708 76
708 76
708 76
708 76
708 76
708 76
708 76
708 76
708 76
708 76
708 76
708 76
708 76
708 76
708 76
708 76
708 76
708 76
708 76
708 76
708 76
708 76
708 76
708 76
708 76
708 76
708 76
708 76
708 76
708 76
708 76
708 76
708 76
708 76
708 76
708 76
708 76
708 76
708 76
708 76
708 76
708 76
708 76
708 76
708 76
708 76
708 76
708 76
708 76
708 76
708 76
708 76
708 76
708 76
708 76
708 76
708 76
708 76
708 76
708 76
708 76
708 76
708 76
708 76
708 76
708 76
708 76
708 76
708 76
708 76
708 76
708 76
708 76
708 76
708 76
708 76
708 76
708 76
708 76
708 76
708 76
708 76
708 76
708 76
708 76
708 76
708 76
708 76
708 76
708 76
708 76
708 76
708 76
708 76
708 76
708 76
708 76
708 76
708 76
708 76
708 76
708 76
708 76
708 76
708 76
708 76
708 76
708 76
708 76
708 76
708 76
708 76
708 76
708 76
708 76
708 76
708 76
708 76
708 76
708 76
708 76
708 76
708 76
708 76
708 76
708 76
708 76
708 76
708 76
708 76
708 76
708 76
708 76
708 76
708 76
708 76
708 76
708 76
708 76
708 76
708 76
708 76
708 76
708 76
708 76
708 76
708 76
708 76
708 76
708 76
708 76
708 76
708 76
708 76
708 76
708 76
708 76
708 76
708 76
708 76
708 76
708 76
708 76
708 76
708 76
708 76
708 76
708 76
708 76
708 76
708 76
708 76
708 76
708 76
708 76
708 76
708 76
708 76
708 76
708 76
708 76
708 76
708 76
708 76
708 76
708 76
708 76
708 76
708 76
708 76
708 76
708 76
708 76
708 76
708 76
708 76
708 76
708 76
708 76
708 76
708 76
708 76
708 76
708 76
708 76
708 76
708 76
708 76
708 76
708 76
708 76
708 76
708 76
708 76
708 76
708 76
708 76
708 76
708 76
708 76
708 76
708 76
708 76
708 76
708 76
708 76
708 76
708 76
708 76
708 76
708 76
708 76
708 76
708 76
708 76
708 76
708 76
708 76
708 76
708 76
708 76
708 76
708 76
708 76
708 76
708 76
708 76
708 76
708 76
708 76
708 76
708 76
708 76
708 76
708 76
708 76
708 76
708 76
708 76
708 76
708 76
708 76
708 76
708 76
708 76
708 76
708 76
708 76
708 76
708 76
708 76
708 76
708 76
708 76
708 76
708 76
708 76
708 76
708 76
708 76
708 76
708 76
708 76
708 76
708 76
708 76
708 76
708 76
708 76
708 76
708 76
708 76
708 76
708 76
708 76
708 76
708 76
708 76
708 76
708 76
708 76
708 76
708 76
708 76
708 76
708 76
708 76
708 76
708 76
708 76
708 76
708 76
708 76
708 76
708 76
708 76
708 76
708 76
708 76
708 76
708 76
708 76
708 76
708 76
708 76
708 76
708 76
708 76
708 76
708 76
708 76
708 76
708 76
708 76
708 76
708 76
708 76
708 76
708 76
708 76
708 76
708 76
708 76
708 76
708 76
708 76
708 76
708 76
708 76
708 76
708 76
708 76
708 76
708 76
708 76
708 76
708 76
708 76
708 76
708 76
708 76
708 76
708 76
708 76
708 76
708 76
708 76
708 76
708 76
708 76
708 76
708 76
708 76
708 76
708 76
708 76
708 76
708 76
708 76
708 76
708 76
708 76
708 76
708 76
708 76
708 76
708 76
708 76
708 76
708 76
708 76
708 76
708 76
708 76
708 76
708 76
708 76
708 76
708 76
708 76
708 76
708 76
708 76
708 76
708 76
708 76
708 76
708 76
708 76
708 76
708 76
708 76
708 76
708 76
708 76
708 76
708 76
708 76
708 76
708 76
708 76
708 76
708 76
708 76
708 76
708 76
708 76
708 76
708 76
708 76
708 76
708 76
708 76
708 76
708 76
708 76
708 76
708 76
708 76
708 76
708 76
708 76
708 76
708 76
708 76
708 76
708 76
708 76
708 76
708 76
708 76
708 76
708 76
708 74
708 74
708 76
708 76
708 76
708 76
708 76
708 74
708 74
708 74
708 74
708 72
708 74
