714 76
714 76
716 76
716 74
716 76
716 78
716 76
716 76
718 76
718 76
718 76
718 76
718 76
718 76
718 76
718 76
718 76
718 76
718 76
718 76
718 76
718 76
718 76
718 76
718 76
718 76
718 76
718 76
718 76
718 76
718 76
718 76
718 76
718 76
718 76
718 76
718 76
718 76
718 76
718 76
718 76
718 76
718 76
718 76
718 76
718 76
718 76
718 76
718 76
718 76
718 76
718 76
718 76
718 76
718 76
718 76
718 76
718 76
718 76
718 76
718 76
718 76
718 76
718 76
718 76
718 76
718 76
718 76
718 76
718 76
718 76
718 76
718 76
718 76
718 76
718 76
718 76
718 76
718 76
718 76
718 76
718 76
718 76
718 76
718 76
718 76
718 76
718 76
718 76
718 76
718 76
716 76
716 76
716 76
716 76
716 76
716 76
716 76
716 76
716 76
716 76
716 76
716 76
716 76
716 76
716 76
716 76
716 76
716 76
716 76
716 76
716 76
716 76
716 76
716 76
718 76
722 76
728 76
736 76
746 76
758 74
770 74
782 74
792 74
802 74
810 74
816 74
818 74
818 74
816 74
812 74
806 74
798 74
788 74
776 74
766 74
754 74
742 76
730 76
718 76
710 76
702 76
696 76
692 76
692 76
692 76
696 76
700 76
706 76
712 76
720 76
730 76
738 76
746 76
754 74
758 74
762 74
764 74
764 74
764 74
762 74
758 74
754 74
748 74
742 74
734 76
724 76
716 76
708 76
702 76
696 76
692 76
688 76
686 76
686 76
686 76
688 76
692 76
696 76
700 76
704 76
710 76
714 76
720 76
724 76
728 76
732 76
734 76
734 76
734 76
732 76
730 76
726 76
724 76
720 76
716 76
712 76
708 76
704 76
700 76
698 76
696 76
696 76
696 76
696 76
698 76
698 76
700 76
702 76
704 76
706 76
708 76
710 76
712 76
714 76
716 76
718 76
718 76
718 76
718 76
718 76
716 76
716 76
714 76
714 76
714 76
712 76
712 76
712 76
710 76
710 76
710 76
710 76
710 76
710 76
710 76
710 76
710 76
710 76
710 76
710 76
710 76
710 76
710 76
710 76
710 76
710 76
710 76
710 76
710 76
710 76
710 76
710 76
710 76
710 76
710 76
710 76
710 76
710 76
710 76
710 76
710 76
710 76
710 76
710 76
710 76
710 76
710 76
710 76
710 76
710 76
710 76
710 76
710 76
710 76
710 76
710 76
710 76
710 76
710 76
710 76
710 76
710 76
710 76
710 76
710 76
710 76
710 76
710 76
710 76
710 76
710 76
710 76
710 76
710 76
710 76
710 76
710 76
710 76
710 76
710 76
710 76
710 76
710 76
710 76
710 76
710 76
710 76
710 76
710 76
710 76
710 76
710 76
710 76
710 76
710 76
710 76
710 76
710 76
710 76
710 76
710 76
710 76
710 76
710 76
710 76
710 76
710 76
710 76
710 76
710 76
710 76
710 76
710 76
710 76
710 76
710 76
710 76
710 76
710 76
710 76
710 76
710 76
710 76
710 76
710 76
710 76
710 76
710 76
710 76
710 76
710 76
710 76
710 76
710 76
710 76
710 76
710 76
710 76
710 76
710 76
710 76
710 76
710 76
710 76
710 76
710 76
710 76
710 76
710 76
710 76
710 76
710 76
710 76
710 76
710 76
710 76
710 76
710 76
710 76
710 76
710 76
710 76
710 76
710 76
710 76
710 76
710 76
710 76
710 76
710 76
710 76
710 76
710 76
710 76
710 76
710 76
710 76
710 76
710 76
710 76
710 76
710 76
710 76
710 76
710 76
710 76
710 76
710 76
710 76
710 76
710 76
710 76
710 76
710 76
710 76
710 76
710 76
710 76
710 76
710 76
710 76
710 76
710 76
710 76
710 76
710 76
710 76
710 76
710 76
710 76
710 76
710 76
710 76
710 76
710 76
710 76
710 76
710 76
710 76
710 76
710 76
710 76
710 76
710 76
710 76
710 76
710 76
710 76
710 76
710 76
710 76
710 76
710 76
710 76
710 76
710 76
710 76
710 76
710 76
710 76
710 76
710 76
710 76
710 76
710 76
710 76
710 76
710 76
710 76
710 76
710 76
710 76
710 76
710 76
710 76
710 76
710 76
710 76
710 76
710 76
710 76
710 76
710 76
710 76
710 76
710 76
710 76
710 76
710 76
710 76
710 76
710 76
710 76
710 76
710 76
710 76
710 76
710 76
710 76
710 76
710 76
710 76
710 76
710 76
710 76
710 76
710 76
710 76
710 76
710 76
710 76
710 76
710 76
710 76
710 76
710 76
710 76
710 76
710 76
710 76
710 76
710 76
710 76
710 76
710 76
710 76
710 76
710 76
710 76
710 76
710 76
710 76
710 76
710 76
710 76
710 76
710 76
710 76
710 76
710 76
710 76
710 76
710 76
710 76
710 76
710 76
710 76
710 76
710 76
710 76
710 76
710 76
710 76
710 76
710 76
710 76
710 76
710 76
710 76
710 76
710 76
710 76
710 76
710 76
710 76
710 76
710 76
710 76
710 76
710 76
710 76
710 76
710 76
710 76
710 76
710 76
710 76
710 76
710 76
710 76
710 76
710 76
710 76
710 76
710 76
710 76
710 76
710 76
710 76
710 76
710 76
710 76
710 76
710 76
710 76
710 76
710 76
710 76
710 76
710 76
710 76
710 76
710 76
710 76
710 76
710 76
710 76
710 76
710 76
710 76
710 76
710 76
710 76
710 76
710 76
710 76
710 76
710 76
710 76
710 76
710 76
710 76
710 76
710 76
710 76
710 76
710 76
710 76
710 76
710 76
710 76
710 76
710 76
710 76
710 76
710 76
710 76
710 76
710 76
710 76
710 76
710 76
710 76
710 76
710 76
710 76
710 76
710 76
710 76
710 76
710 76
710 76
710 76
710 76
710 76
710 76
710 76
710 76
710 76
710 76
710 76
710 76
710 76
710 76
710 76
710 76
710 76
710 76
710 76
710 76
710 76
710 76
710 76
710 76
710 76
710 76
710 76
710 76
710 76
710 76
710 76
710 76
710 76
710 76
710 76
710 76
710 76
710 76
710 76
710 76
710 76
710 76
710 76
710 76
710 76
710 76
710 76
710 76
710 76
710 76
710 76
710 76
710 76
710 76
710 76
710 76
710 76
710 76
710 76
710 76
710 76
710 76
710 76
710 76
710 76
710 76
710 76
710 76
710 76
710 76
710 76
710 76
710 76
710 76
710 76
710 76
710 76
710 76
710 76
710 76
710 76
710 76
710 76
710 76
710 76
710 76
710 76
710 76
710 76
710 76
710 76
710 76
710 76
710 76
710 76
710 76
710 76
710 76
710 76
710 76
710 76
710 76
710 76
710 76
710 76
710 76
710 76
710 76
710 76
710 76
710 76
710 76
710 76
710 76
710 76
710 76
710 76
710 76
710 76
710 76
710 76
710 76
710 76
710 76
710 76
710 76
710 76
710 76
710 76
710 76
710 76
710 76
710 76
710 76
710 76
710 76
710 76
710 76
710 76
710 76
710 76
710 76
710 76
710 76
710 76
710 76
710 76
710 76
710 76
710 76
710 76
710 76
710 76
710 76
710 76
710 76
710 76
710 76
710 76
710 76
710 76
710 76
710 76
710 76
710 76
710 76
710 76
710 76
710 76
710 76
710 76
710 76
710 76
710 76
710 76
710 76
710 76
710 76
710 76
710 76
710 76
710 76
710 76
710 76
710 76
710 76
710 76
710 76
710 76
710 76
710 76
710 76
710 76
710 76
710 76
710 76
710 76
710 76
710 76
710 76
710 76
710 76
710 76
710 76
710 76
710 76
710 76
710 76
710 76
710 76
710 76
710 76
710 76
710 76
710 76
710 76
710 76
710 76
710 76
710 76
710 76
710 76
710 76
710 76
710 76
710 76
710 76
710 76
710 76
710 76
710 76
710 76
710 76
710 76
710 76
710 76
710 76
710 76
710 76
710 76
710 76
710 76
710 76
710 76
710 76
710 76
710 76
710 76
710 76
710 76
710 76
710 76
710 76
710 76
710 76
710 76
710 76
710 76
710 76
710 76
710 76
710 76
710 76
710 76
710 76
710 76
710 76
710 76
710 76
710 76
710 76
710 76
710 76
710 76
710 76
710 76
710 76
710 76
710 76
710 76
710 76
710 76
710 76
710 76
710 76
710 76
710 76
710 76
710 76
710 76
710 76
710 76
710 76
710 76
710 76
710 76
710 76
710 76
710 76
710 76
710 76
710 76
710 76
710 76
710 76
710 76
710 76
710 76
710 76
710 76
710 76
710 76
710 76
710 76
710 76
710 76
710 76
710 76
710 76
710 76
710 76
710 76
710 76
710 76
710 76
710 76
710 76
710 76
710 76
710 76
710 76
710 76
710 76
710 76
710 76
710 76
710 76
710 76
710 76
710 76
710 76
710 76
710 76
710 76
710 76
710 76
710 76
710 76
710 76
710 76
710 76
710 76
710 76
710 76
710 76
710 76
710 76
710 76
710 76
710 76
710 76
710 76
710 76
710 76
710 76
710 76
710 76
710 76
710 76
710 76
710 76
710 76
710 76
710 76
710 76
710 76
710 76
710 76
710 76
710 76
710 76
710 76
710 76
710 76
710 76
710 76
710 76
710 76
710 76
710 76
710 76
710 76
710 76
710 76
710 76
710 76
710 76
710 76
710 76
710 76
710 76
710 76
710 76
710 76
710 76
710 76
710 76
710 76
710 76
710 76
710 76
710 76
710 76
710 76
710 76
710 76
710 76
710 76
710 76
710 76
710 76
710 76
710 76
710 76
710 76
710 76
710 76
710 76
710 76
710 76
710 76
710 76
710 76
710 76
710 76
710 76
710 76
710 76
710 76
710 76
710 76
710 76
710 76
710 76
710 76
710 76
710 76
710 76
710 76
710 76
710 76
710 76
710 76
710 76
710 76
710 76
710 76
710 76
710 76
710 76
710 76
710 76
710 76
710 76
710 76
710 76
710 76
710 76
710 76
710 76
710 76
710 76
710 76
710 76
710 76
710 76
710 76
710 76
710 76
710 76
710 76
710 76
710 76
710 76
710 76
710 76
710 76
710 76
710 76
710 76
710 76
710 76
710 76
710 76
710 76
710 76
710 76
710 76
710 76
710 76
710 76
710 76
710 76
710 76
710 76
710 76
710 76
710 76
710 76
710 76
710 76
710 76
710 76
710 76
710 76
710 76
710 76
710 76
710 76
710 76
710 76
710 76
710 76
710 76
710 76
710 76
710 76
710 76
710 76
710 76
710 76
710 76
710 76
710 76
710 76
710 76
710 76
710 76
710 76
710 76
710 76
710 76
710 76
710 76
710 76
710 76
710 76
710 76
710 76
710 76
710 76
710 76
710 76
710 76
710 76
710 76
710 76
710 76
710 76
710 76
710 76
710 76
710 76
710 76
710 76
710 76
710 76
710 76
710 76
710 76
710 76
710 76
710 76
710 76
710 76
710 76
710 76
710 76
710 76
710 76
710 76
710 76
710 76
710 76
710 76
710 76
710 76
710 76
710 76
710 76
710 76
710 76
710 76
710 76
710 76
710 76
710 76
710 76
710 76
710 76
710 76
710 76
710 76
710 76
710 76
710 76
710 76
710 76
710 76
710 76
710 76
710 76
710 76
710 76
710 76
710 76
710 76
710 76
710 76
710 76
710 76
710 76
710 76
710 76
710 76
710 76
710 76
710 76
710 76
710 76
710 76
710 76
710 76
710 76
710 76
710 76
710 76
710 76
710 76
710 76
710 76
710 76
710 76
710 76
710 76
710 76
710 76
710 76
710 76
710 76
710 76
710 76
710 76
710 76
710 76
710 76
710 76
710 76
710 76
710 76
710 74
710 74
710 76
710 76
710 76
710 76
710 76
710 74
710 74
710 74
710 74
710 72
710 74
