727.5 995.0
727.5 995.0
729.5 995.0
728.5 995.0
731.5 997.0
731.5 996.5
731.5 995.5
733.5 995.5
732.5 995.5
733.5 995.5
732.5 995.5
733.5 995.5
730.5 995.5
730.5 995.5
730.5 995.5
729.5 995.5
728.5 995.5
727.5 995.5
727.5 995.5
727.5 995.5
725.5 995.5
724.5 995.5
723.5 995.5
723.5 995.5
721.5 995.5
720.5 995.5
721.5 995.5
720.5 995.5
719.5 995.5
719.5 995.5
719.5 995.5
719.5 995.5
719.5 995.5
719.5 995.5
719.5 995.5
721.5 995.5
720.5 995.5
721.5 995.5
722.5 995.5
722.5 995.5
723.5 995.5
725.5 995.5
724.5 995.5
727.5 995.5
727.5 995.5
728.5 995.5
728.5 995.5
729.5 995.5
730.5 995.5
730.5 995.5
730.5 995.5
730.5 995.5
732.5 995.5
733.5 995.5
732.5 995.5
733.5 995.5
732.5 995.5
733.5 995.5
731.5 995.5
731.5 995.5
731.5 995.5
731.5 995.5
729.5 995.5
728.5 995.5
727.5 995.5
727.5 995.5
725.5 995.5
724.5 995.5
725.5 995.5
722.5 995.5
722.5 995.5
720.5 995.5
721.5 995.5
720.5 995.5
721.5 995.5
718.5 995.5
718.5 995.5
718.5 995.5
718.5 995.5
718.5 995.5
718.5 995.5
718.5 995.5
718.5 995.5
719.5 995.5
721.5 995.5
720.5 995.5
721.5 995.5
722.5 995.5
722.5 995.5
722.5 995.5
724.5 995.5
725.5 995.5
725.5 995.5
726.5 995.5
726.5 995.5
726.5 995.5
726.5 995.5
728.5 995.5
729.5 995.5
728.5 995.5
729.5 995.5
728.5 995.5
729.5 995.5
728.0 995.5
727.5 995.5
727.5 995.5
725.5 995.5
724.5 995.5
723.5 995.5
723.5 995.5
721.5 995.5
720.5 995.5
721.5 995.5
718.5 995.5
718.5 995.5
716.5 995.5
717.5 995.5
715.5 995.5
717.5 995.5
716.5 995.5
719.5 995.5
721.5 993.5
722.5 993.0
726.5 993.0
732.5 993.0
741.5 993.0
748.5 993.0
759.5 993.0
771.5 994.0
783.5 994.0
797.0 994.5
810.0 994.0
822.5 992.5
832.5 993.5
842.5 990.5
852.0 986.5
862.0 979.0
868.0 972.5
871.5 969.0
873.0 967.5
872.0 967.5
869.5 968.5
862.5 970.0
853.0 973.5
839.5 979.5
824.5 985.0
807.0 989.0
783.0 991.5
761.0 993.5
739.0 994.5
717.0 994.5
695.0 992.5
673.0 990.5
653.0 988.0
635.0 985.0
619.0 982.0
605.0 981.5
595.0 979.5
589.0 979.5
585.0 980.5
584.0 980.0
587.5 980.5
593.5 982.0
600.5 983.5
613.5 985.0
626.5 987.5
642.5 990.5
660.0 992.0
678.0 992.5
696.5 994.5
717.5 995.0
735.0 993.5
754.0 992.0
771.5 990.0
787.0 988.0
801.0 988.0
812.0 987.5
822.5 986.5
829.0 986.5
833.0 986.0
835.0 986.5
835.0 987.0
833.0 987.0
831.0 988.0
826.0 988.5
819.5 989.5
811.0 990.5
800.5 992.5
787.0 993.5
775.0 994.5
761.0 994.5
747.0 994.5
733.0 994.5
719.0 994.5
705.0 993.0
692.5 993.0
679.5 991.0
667.5 991.0
655.5 991.0
645.5 991.0
636.5 991.0
628.5 990.5
621.5 990.0
614.5 989.5
610.5 989.0
608.5 989.5
608.5 989.0
609.5 989.5
612.5 988.5
617.5 989.5
624.5 989.0
633.5 990.0
642.5 990.5
652.5 990.5
665.5 990.5
678.5 992.5
692.5 993.5
708.5 993.0
723.0 993.5
738.0 993.5
752.5 992.5
767.5 993.5
781.5 991.5
793.0 990.0
805.0 989.0
815.0 988.5
822.0 987.5
827.5 987.5
830.5 987.5
831.0 987.5
831.0 987.5
829.0 987.5
825.0 987.5
819.0 988.0
811.0 989.0
801.0 991.0
787.0 992.5
773.0 993.0
759.0 993.5
743.0 993.5
727.0 993.5
711.5 993.0
697.0 993.0
681.0 991.0
666.0 991.0
652.5 989.0
641.5 989.5
628.5 988.5
619.5 987.5
611.5 988.0
605.5 987.5
600.5 987.5
599.5 987.5
599.5 987.5
603.5 987.5
607.5 987.5
613.5 988.0
621.5 988.0
632.5 989.0
645.5 989.5
656.5 989.5
671.5 990.5
685.5 991.0
700.5 993.0
717.5 993.0
732.5 993.0
748.5 991.5
763.0 991.5
777.0 991.0
790.5 989.5
802.5 987.5
812.5 987.5
820.0 987.5
826.0 987.5
828.5 987.5
831.5 987.5
831.5 987.5
829.5 987.5
824.5 987.5
819.5 987.5
813.0 989.5
801.5 989.5
788.5 990.5
775.5 992.0
761.5 993.5
744.5 992.5
729.5 993.5
714.5 992.5
698.5 993.5
682.5 990.5
668.5 990.5
655.5 988.5
643.5 989.5
631.5 987.5
621.5 987.5
612.5 987.5
607.5 987.5
603.5 987.5
601.5 987.5
600.5 987.5
603.5 987.5
607.5 987.5
613.5 987.5
620.5 989.0
631.5 989.0
643.5 990.0
655.5 990.0
669.5 990.5
682.5 990.5
698.5 992.5
714.5 993.5
730.5 992.5
746.5 993.0
760.5 991.0
775.5 991.0
789.0 989.0
800.5 989.0
811.5 987.0
819.5 987.0
825.5 986.5
828.5 987.0
831.5 987.0
831.5 987.0
829.5 987.0
824.5 987.0
821.5 987.0
813.5 989.0
803.5 989.5
791.5 990.5
777.5 990.5
762.5 992.5
748.5 993.5
733.5 992.5
717.0 993.5
701.5 992.5
686.0 992.5
671.0 991.5
657.0 989.5
645.5 988.5
633.5 989.5
623.0 986.5
615.0 986.5
609.0 986.5
603.5 986.5
601.5 986.5
600.5 986.5
603.5 986.5
607.0 986.5
613.0 986.5
620.0 986.5
631.5 988.5
642.5 989.5
654.0 989.5
667.0 990.5
681.0 990.5
697.0 992.5
713.0 993.5
728.5 992.5
743.5 993.5
759.5 992.0
773.5 991.5
785.5 989.5
798.0 988.5
808.5 988.0
817.5 987.5
823.5 987.5
828.5 987.5
829.5 987.5
829.5 987.5
828.5 987.5
826.5 987.5
821.5 987.5
814.5 989.5
804.5 988.5
793.5 991.5
779.0 992.0
765.5 993.5
751.5 992.5
736.0 993.5
719.5 992.5
705.0 993.5
688.5 992.5
674.0 991.5
660.0 990.0
647.5 988.5
636.0 989.5
625.5 988.0
616.5 987.5
610.0 987.5
605.0 987.5
601.5 987.5
601.0 987.5
603.0 987.5
605.5 987.5
611.0 987.5
619.0 987.5
629.0 989.5
639.5 989.5
652.0 989.5
664.5 990.5
679.0 990.5
694.0 992.5
709.5 993.5
726.0 992.5
740.5 993.5
756.0 991.5
770.5 991.5
783.5 990.0
795.5 989.0
807.0 987.5
816.0 987.5
822.5 986.0
826.5 985.5
829.0 986.0
830.0 986.0
829.0 986.0
826.0 986.0
821.5 986.5
815.0 987.5
806.0 988.5
794.0 990.0
781.0 991.0
767.5 991.5
753.5 992.5
737.0 993.5
722.5 992.5
707.0 993.0
691.5 992.5
677.0 991.5
662.0 990.5
649.0 989.0
637.5 989.0
627.0 989.0
618.0 987.5
611.0 987.5
605.5 987.5
603.0 987.5
601.5 987.5
602.0 987.5
605.0 987.5
611.0 987.5
618.0 987.5
627.5 989.0
638.5 989.0
650.5 989.0
663.0 990.5
677.0 990.5
691.5 991.0
707.5 993.0
723.0 993.0
738.5 993.0
753.5 991.5
767.5 991.5
781.0 990.0
793.5 989.0
804.0 987.5
814.5 987.5
821.0 985.5
825.5 985.5
828.0 985.5
829.5 985.5
828.0 985.5
826.5 985.5
822.5 985.5
816.5 986.5
807.5 987.5
796.5 989.5
783.0 990.5
769.5 991.0
756.0 993.0
740.0 993.0
724.5 993.0
709.5 992.5
693.5 993.0
677.5 991.0
663.5 989.5
652.0 988.5
640.0 989.0
630.0 988.0
620.0 987.5
612.0 987.5
606.0 987.5
603.5 987.5
601.5 987.5
601.5 987.5
605.5 987.5
609.5 987.5
617.0 987.5
626.0 987.5
636.0 989.5
648.0 988.5
660.0 990.5
674.0 990.5
688.5 990.5
704.0 992.5
720.0 993.5
735.0 992.5
750.5 991.5
765.0 991.5
777.5 991.0
790.0 989.0
801.5 987.5
811.5 987.5
819.0 985.5
824.5 985.0
827.5 985.5
829.0 985.0
827.5 985.5
826.5 985.5
822.5 985.5
816.5 986.5
807.5 987.5
797.5 989.5
783.5 990.0
771.5 990.5
757.5 991.5
741.5 993.0
726.5 993.0
711.5 993.0
696.5 992.0
679.5 991.5
666.5 989.5
654.0 988.5
642.0 989.5
631.0 987.0
621.0 987.0
613.5 987.0
607.5 987.0
604.5 987.0
601.5 987.0
601.5 987.0
604.5 987.0
609.5 987.0
615.5 987.0
624.5 987.0
634.0 989.0
645.5 989.0
657.5 989.0
671.5 991.0
687.0 991.0
702.5 993.0
718.5 993.0
732.5 993.0
747.5 992.5
762.5 991.5
776.5 989.5
787.5 988.5
800.5 987.5
809.5 987.5
817.5 985.5
823.5 985.5
826.5 984.5
828.5 985.5
827.5 985.5
826.5 985.5
822.5 985.5
816.5 986.5
809.0 987.5
798.5 989.5
786.0 989.5
772.5 990.5
759.5 992.0
744.5 993.5
728.5 992.5
713.5 993.5
697.5 992.5
682.5 991.5
668.5 990.0
655.0 989.0
644.0 988.5
633.0 988.5
622.5 987.0
615.0 987.0
608.5 987.0
604.0 987.0
602.0 987.0
602.5 987.0
604.5 987.0
609.0 987.0
614.5 987.0
623.5 987.0
633.0 988.5
644.0 989.5
656.0 988.5
670.0 990.0
684.0 990.5
699.5 992.5
714.5 993.5
730.0 992.5
745.0 991.5
760.5 991.5
773.5 991.5
785.5 989.5
797.5 988.5
807.5 987.5
816.5 985.5
821.5 985.0
825.5 985.5
827.5 985.0
828.5 985.5
825.5 985.0
821.5 985.5
817.5 986.0
809.5 987.0
799.5 989.0
788.5 990.0
774.5 990.5
761.0 991.0
746.5 992.0
731.5 992.5
716.5 993.0
700.5 992.5
685.5 991.5
670.5 991.0
657.0 989.0
645.5 988.5
634.5 989.0
624.5 987.0
616.0 987.0
610.0 987.0
605.0 987.0
603.5 987.0
603.0 987.0
605.5 986.5
609.0 986.5
615.0 986.5
622.5 986.5
632.5 988.0
642.5 989.0
654.5 989.0
668.0 991.0
682.0 991.0
697.0 991.0
711.5 993.0
728.0 993.0
742.0 991.0
757.5 991.0
770.5 991.0
784.0 989.0
795.5 987.5
806.5 987.5
814.5 986.5
820.5 985.5
823.5 986.0
826.5 985.5
827.0 986.0
826.5 985.5
822.5 986.0
818.5 987.0
811.0 987.5
802.0 988.5
790.0 990.0
776.5 991.0
763.0 991.0
749.0 992.0
733.5 992.5
718.0 993.0
702.5 992.5
688.0 991.5
673.5 991.0
659.5 989.0
648.0 988.5
637.0 989.0
626.5 986.5
618.0 986.0
611.0 986.5
605.5 986.0
603.5 986.5
604.0 986.0
605.0 986.5
607.5 986.0
614.0 986.5
621.0 986.0
631.5 988.5
641.0 989.0
652.5 989.5
665.5 989.0
679.0 990.5
694.0 990.5
710.0 992.0
725.0 992.5
740.5 992.0
754.5 991.0
769.0 990.5
782.0 989.5
794.0 988.0
804.0 987.0
813.0 986.5
819.5 985.0
824.5 985.0
825.5 985.0
826.5 985.0
826.0 985.0
822.5 985.0
818.0 985.5
812.0 987.0
803.0 988.5
791.5 989.0
779.0 990.5
765.5 991.0
751.0 992.0
736.0 992.0
721.5 992.5
706.0 992.0
691.0 991.0
675.5 990.5
663.0 989.5
650.5 989.0
639.5 987.0
629.0 986.5
619.5 987.0
613.0 986.5
607.5 987.0
605.5 986.5
604.0 987.0
605.0 986.5
607.5 987.0
613.5 986.5
620.0 987.0
630.0 986.5
640.0 989.0
652.0 989.0
664.0 989.5
678.0 990.0
692.0 991.0
708.0 991.5
722.0 992.0
738.0 992.5
752.0 990.0
766.0 990.5
780.0 989.0
792.0 988.0
802.5 987.0
812.5 986.5
817.5 985.5
823.5 985.5
826.5 985.5
828.0 985.5
826.0 985.5
824.0 985.5
819.5 985.5
814.0 987.5
805.0 987.5
794.0 988.5
781.0 989.5
768.0 990.5
753.5 991.5
738.5 992.0
723.5 991.5
708.5 992.0
693.5 991.5
678.5 990.0
665.0 989.0
652.5 988.5
641.0 988.5
631.0 987.0
622.0 986.5
614.0 986.5
609.0 986.0
606.0 986.5
604.0 985.5
605.5 986.5
607.5 986.0
613.5 986.5
620.0 986.0
628.5 988.0
638.5 987.5
650.0 988.0
662.0 989.5
675.5 990.0
689.5 991.5
705.0 992.0
720.0 991.5
735.5 992.0
749.5 991.0
763.5 990.0
778.0 990.0
790.0 988.5
800.0 987.0
810.0 986.0
817.5 986.0
821.5 985.5
825.0 985.5
826.0 985.5
826.0 985.5
823.5 985.5
820.0 986.0
813.5 986.5
805.0 988.0
794.5 988.0
782.5 989.5
770.0 990.0
755.5 991.5
741.0 992.0
725.5 991.5
711.0 992.0
695.5 991.5
681.0 990.0
667.5 989.5
656.0 988.5
643.5 988.0
634.0 987.0
623.5 986.0
615.0 986.5
610.0 986.0
606.0 986.5
605.5 986.0
606.0 986.5
607.5 986.0
612.0 986.5
619.5 986.0
628.0 988.0
637.5 987.5
647.5 988.0
660.5 989.0
673.0 989.5
687.5 990.0
703.0 991.5
718.0 992.0
733.5 991.5
748.0 990.0
761.5 990.5
774.5 989.0
787.5 988.0
798.5 987.0
808.0 986.0
815.5 985.5
821.0 985.5
823.5 984.5
826.0 984.0
825.5 984.5
824.0 984.5
819.5 985.5
814.0 986.0
806.5 987.5
796.0 988.0
783.5 989.5
772.0 990.0
757.5 991.5
743.0 992.0
727.5 991.5
713.0 992.0
698.0 991.5
683.5 990.0
669.0 990.0
657.5 988.5
645.0 987.5
635.5 986.5
626.0 986.5
617.5 986.0
612.0 986.5
607.5 986.0
606.0 986.5
605.5 986.0
608.0 986.5
611.5 986.0
618.0 986.5
626.0 986.0
636.0 988.5
647.0 988.0
658.5 988.5
672.0 989.5
685.5 990.0
699.5 990.0
716.0 992.0
730.0 991.5
744.0 990.0
759.5 990.5
772.0 990.0
785.0 988.5
795.5 987.0
806.5 986.5
814.5 986.0
820.5 986.0
823.5 985.5
826.0 985.5
826.0 985.5
824.0 985.5
820.0 985.5
816.0 986.5
808.0 987.5
798.0 988.5
786.0 989.5
773.5 990.0
760.5 990.5
745.0 992.0
731.5 991.5
717.0 991.5
701.0 991.5
685.5 990.0
671.5 990.0
660.0 988.5
647.5 987.5
638.0 986.5
627.5 986.0
619.0 986.0
612.5 986.0
608.0 986.0
606.0 986.0
606.0 986.0
608.0 986.5
611.5 986.0
618.0 986.0
625.5 986.5
636.0 987.5
645.5 987.5
657.0 988.0
669.5 988.0
683.0 989.0
698.0 990.0
713.5 991.5
728.0 991.0
743.0 990.5
758.0 990.0
771.0 990.0
783.5 988.5
793.5 986.5
803.5 986.0
813.0 986.0
818.0 985.0
822.0 985.0
824.0 985.0
825.5 985.0
823.0 985.0
820.5 985.0
815.5 986.5
809.5 986.5
799.0 988.5
787.5 988.5
775.0 990.0
761.5 990.0
748.0 991.0
733.5 991.5
719.0 990.5
703.5 990.5
689.0 990.0
675.0 989.0
661.5 988.5
650.0 986.5
639.5 986.5
629.0 986.5
621.5 984.5
613.0 984.5
609.5 984.5
607.0 984.5
606.5 986.0
607.5 986.0
611.0 986.0
617.0 985.0
624.0 986.0
634.0 987.0
643.5 987.5
655.0 988.0
667.5 988.0
681.0 988.0
695.5 990.0
712.0 991.0
725.5 990.0
739.0 990.5
755.0 990.0
768.5 990.0
781.5 988.5
792.0 986.5
803.5 986.0
812.0 986.0
817.5 985.0
821.0 984.5
823.5 984.5
824.0 984.5
823.5 984.5
821.5 984.5
815.5 984.5
810.0 986.5
801.0 988.0
789.5 988.0
776.5 989.5
764.0 990.0
749.5 989.5
735.0 991.0
721.0 991.0
705.5 990.5
691.0 990.0
677.0 989.0
663.5 988.5
652.0 986.5
641.5 986.0
631.0 986.5
621.5 986.0
616.0 985.0
609.5 985.0
607.0 985.0
607.0 985.0
607.5 985.0
611.0 985.0
615.5 985.0
623.0 986.0
631.5 987.0
641.0 986.0
653.5 988.0
665.0 988.0
679.5 988.0
694.0 989.5
708.5 990.5
723.5 990.5
738.0 990.5
752.5 990.0
765.5 989.0
778.0 988.5
789.0 986.5
801.0 985.5
809.0 985.5
815.5 985.0
821.0 985.0
823.0 985.0
824.0 985.0
823.5 985.0
821.0 985.0
816.0 985.0
811.5 986.5
802.0 986.5
790.5 988.5
778.5 988.5
765.5 990.5
752.0 990.5
737.5 990.5
723.0 990.5
707.5 990.5
693.0 990.5
679.5 988.5
666.0 988.5
653.5 986.5
642.5 986.5
633.5 986.0
624.0 985.0
615.5 985.0
612.0 985.0
607.5 985.0
607.5 985.0
608.0 985.0
610.0 985.0
615.0 985.0
621.5 985.0
631.0 987.0
641.0 986.0
651.0 987.0
663.5 988.0
676.5 988.0
691.0 988.0
706.0 990.0
720.5 991.0
735.0 990.0
750.0 990.0
763.5 989.0
776.0 989.0
788.0 987.0
799.0 986.0
808.0 985.5
815.0 985.0
820.0 985.0
823.0 985.0
824.0 985.0
823.5 985.0
821.0 985.0
816.5 985.0
811.5 987.0
804.0 986.0
791.5 988.0
780.0 988.0
767.5 988.5
754.0 990.0
739.5 991.0
725.0 990.0
711.5 991.0
696.0 990.0
681.5 989.0
667.0 988.5
655.5 986.5
644.5 986.5
634.5 984.5
625.5 984.5
618.0 984.5
611.5 984.5
607.5 984.5
607.0 984.5
607.5 984.5
609.5 984.5
615.5 984.5
621.0 985.0
628.5 985.0
639.5 986.5
650.0 986.5
661.5 988.0
675.5 988.0
689.0 988.0
703.0 989.0
718.5 989.5
733.0 990.0
747.5 988.5
761.0 988.5
773.0 988.5
785.5 986.5
796.5 986.0
807.0 985.5
813.5 985.0
818.5 985.0
821.5 985.0
823.5 985.0
823.0 985.0
821.5 985.0
817.0 985.0
812.0 986.5
804.0 986.5
793.5 987.0
781.0 988.5
769.5 989.5
755.0 990.5
741.5 990.5
728.0 990.5
713.5 990.5
697.0 990.5
683.5 988.5
670.0 988.5
657.5 986.5
646.0 986.5
635.5 986.0
627.0 985.0
619.5 985.0
613.0 985.0
609.5 985.0
607.0 985.0
607.5 985.0
609.0 985.0
613.5 985.0
619.0 985.0
627.5 986.5
637.0 986.5
647.5 986.5
660.0 988.0
673.0 988.0
686.5 988.0
701.0 990.0
716.0 990.5
729.5 990.5
744.0 990.0
759.0 990.0
772.0 989.0
783.5 987.0
794.5 986.0
805.0 985.5
811.5 985.0
818.0 983.5
821.5 983.5
823.0 983.5
823.0 983.5
821.0 983.5
817.0 983.5
811.5 984.5
805.5 986.0
795.0 987.5
783.5 988.0
771.0 988.0
757.5 990.0
744.0 991.0
729.5 990.0
715.0 991.0
701.0 990.0
685.5 989.0
671.0 989.0
659.5 987.0
647.0 986.0
637.5 987.0
628.0 985.5
619.5 985.0
614.0 985.0
609.5 985.0
608.0 985.0
607.5 985.0
610.0 985.0
613.5 985.0
620.0 985.0
627.5 987.0
636.0 986.0
646.5 987.0
657.5 987.5
670.5 988.0
683.5 988.0
698.5 989.5
713.5 991.0
728.0 990.0
741.5 990.5
755.0 989.5
769.5 989.0
782.0 989.0
792.0 987.0
802.5 985.5
810.5 985.0
816.5 985.0
819.5 985.0
822.5 984.5
822.5 984.5
821.0 984.5
817.5 985.0
812.5 986.0
805.5 986.5
795.5 988.0
784.5 988.5
771.5 990.0
760.0 990.5
745.5 990.5
731.0 991.0
717.0 990.5
702.0 990.5
687.5 990.5
674.0 988.5
660.5 988.0
649.5 987.5
638.0 987.0
629.0 986.5
621.5 985.5
615.0 985.5
610.5 985.5
608.0 985.5
607.5 985.5
610.0 985.5
612.5 985.5
617.5 985.5
625.0 987.0
634.5 986.5
645.0 987.5
655.5 987.5
669.0 988.0
681.5 988.5
695.5 990.0
711.0 991.0
726.0 990.0
740.0 991.0
754.0 990.0
767.5 989.5
780.5 989.0
790.0 987.0
800.0 985.5
809.0 985.5
814.5 984.5
819.0 984.5
821.5 984.5
821.5 984.5
820.0 984.5
818.5 984.5
814.0 985.5
806.0 986.5
797.5 987.0
786.5 988.0
774.5 989.5
762.0 990.5
747.5 990.0
733.0 991.5
719.5 990.5
705.5 991.5
689.5 990.0
675.5 989.5
663.5 989.0
652.0 987.5
640.5 986.5
631.0 986.0
622.0 985.5
616.0 985.5
611.5 985.5
609.0 985.5
607.5 985.5
609.5 985.5
611.5 985.5
618.0 985.5
624.0 985.5
633.5 987.5
643.0 986.5
654.0 987.5
666.0 987.5
680.0 988.5
694.0 989.0
708.0 990.5
723.0 991.0
737.0 990.5
751.0 989.5
765.0 989.5
777.5 989.0
788.5 987.5
799.5 985.5
807.5 985.5
814.0 984.5
818.0 984.0
821.0 983.0
821.5 983.5
820.5 983.5
817.5 983.5
812.5 984.5
807.5 985.5
799.5 987.5
787.5 987.5
775.5 988.5
763.5 989.5
749.5 991.5
734.5 991.5
720.5 991.5
707.5 991.5
692.5 990.0
677.5 989.5
664.5 988.5
653.5 988.5
641.0 988.0
631.5 986.0
623.5 984.5
616.0 983.5
611.0 983.5
608.5 984.0
607.0 984.0
608.0 984.0
611.0 984.0
615.0 983.0
623.0 983.5
631.0 983.5
641.0 984.5
652.0 984.0
663.5 984.5
677.5 986.0
