728 1000
728 1000
730 1000
730 1000
732 1002
732 1002
732 1000
734 1000
734 1000
734 1000
734 1000
734 1000
732 1000
732 1000
732 1000
730 1000
730 1000
728 1000
728 1000
728 1000
726 1000
726 1000
724 1000
724 1000
722 1000
722 1000
722 1000
722 1000
720 1000
720 1000
720 1000
720 1000
720 1000
720 1000
720 1000
722 1000
722 1000
722 1000
724 1000
724 1000
724 1000
726 1000
726 1000
728 1000
728 1000
728 1000
730 1000
730 1000
732 1000
732 1000
732 1000
732 1000
734 1000
734 1000
734 1000
734 1000
734 1000
734 1000
732 1000
732 1000
732 1000
732 1000
730 1000
730 1000
728 1000
728 1000
726 1000
726 1000
726 1000
724 1000
724 1000
722 1000
722 1000
722 1000
722 1000
720 1000
720 1000
720 1000
720 1000
720 1000
720 1000
720 1000
720 1000
720 1000
722 1000
722 1000
722 1000
724 1000
724 1000
724 1000
726 1000
726 1000
726 1000
728 1000
728 1000
728 1000
728 1000
730 1000
730 1000
730 1000
730 1000
730 1000
730 1000
730 1000
728 1000
728 1000
726 1000
726 1000
724 1000
724 1000
722 1000
722 1000
722 1000
720 1000
720 1000
718 1000
718 1000
716 1000
718 1000
718 1000
720 1000
722 998
724 998
728 998
734 998
742 998
750 998
760 998
772 1000
784 1000
796 1000
810 998
824 998
834 998
842 996
852 992
862 984
868 976
872 974
872 972
872 972
870 974
864 976
854 978
840 984
824 990
808 994
784 996
762 998
740 1000
718 1000
696 998
674 994
654 992
636 990
620 986
606 986
596 984
590 984
586 984
586 984
588 984
594 986
602 988
614 990
628 992
644 994
660 996
678 998
698 998
718 1000
736 998
754 996
772 994
786 992
800 992
812 992
822 990
830 990
834 990
836 990
836 992
834 992
832 992
826 994
820 994
812 996
800 998
788 998
776 1000
762 1000
748 1000
734 1000
720 1000
706 998
694 998
680 996
668 996
656 996
646 996
638 996
630 994
622 994
616 994
612 994
610 994
610 994
610 994
614 994
618 994
626 994
634 994
644 996
654 996
666 996
680 998
694 998
708 998
724 998
738 998
754 998
768 998
782 996
794 994
806 994
816 994
822 992
828 992
830 992
832 992
832 992
830 992
826 992
820 992
812 994
802 996
788 998
774 998
760 998
744 998
728 998
714 998
698 998
682 996
668 996
654 994
642 994
630 994
620 992
612 992
606 992
602 992
600 992
600 992
604 992
608 992
614 992
622 992
634 994
646 994
658 994
672 996
686 996
702 998
718 998
734 998
748 996
764 996
778 996
790 994
802 992
812 992
820 992
826 992
830 992
832 992
832 992
830 992
826 992
820 992
812 994
802 994
790 996
776 998
762 998
746 998
730 998
716 998
700 998
684 996
670 996
656 994
644 994
632 992
622 992
614 992
608 992
604 992
602 992
602 992
604 992
608 992
614 992
622 994
632 994
644 996
656 996
670 996
684 996
700 998
716 998
732 998
748 998
762 996
776 996
788 994
802 994
812 992
820 992
826 990
830 992
832 992
832 992
830 992
826 992
822 992
814 994
804 994
792 996
778 996
764 998
750 998
734 998
718 998
702 998
688 998
672 996
658 994
646 994
634 994
624 992
616 992
610 992
604 992
602 992
602 992
604 992
606 992
612 992
620 992
632 994
642 994
654 994
668 996
682 996
698 998
714 998
728 998
744 998
760 998
774 996
786 994
798 994
810 992
818 992
824 992
828 992
830 992
830 992
830 992
826 992
822 992
816 994
806 994
794 996
780 998
766 998
752 998
736 998
720 998
706 998
690 998
674 996
660 994
648 994
636 994
626 992
618 992
610 992
606 992
602 992
602 992
604 992
606 992
612 992
620 992
630 994
640 994
652 994
664 996
680 996
694 998
710 998
726 998
740 998
756 996
770 996
784 994
796 994
806 992
816 992
822 990
826 990
830 990
830 990
830 990
826 990
822 992
816 992
806 994
794 994
782 996
768 996
754 998
738 998
724 998
708 998
692 998
678 996
664 994
650 994
638 994
628 994
618 992
612 992
606 992
604 992
602 992
604 992
606 992
612 992
618 992
628 994
638 994
650 994
662 996
676 996
692 996
708 998
722 998
738 998
754 996
768 996
780 994
794 994
804 992
814 992
820 990
826 990
828 990
830 990
828 990
826 990
822 990
816 992
808 992
796 994
784 996
770 996
756 998
740 998
726 998
710 998
694 998
678 996
664 994
652 994
640 994
630 992
620 992
612 992
606 992
604 992
602 992
602 992
606 992
610 992
618 992
626 992
636 994
648 994
660 996
674 996
688 996
704 998
720 998
734 998
750 996
764 996
778 996
790 994
802 992
812 992
818 990
824 990
828 990
828 990
828 990
826 990
822 990
816 992
808 992
798 994
784 996
772 996
758 998
742 998
728 998
712 998
696 998
680 996
666 994
654 994
642 994
632 992
622 992
614 992
608 992
604 992
602 992
602 992
606 992
610 992
616 992
624 992
634 994
646 994
658 994
672 996
686 996
702 998
718 998
732 998
748 998
762 996
776 994
788 994
800 992
810 992
818 990
824 990
826 990
828 990
828 990
826 990
822 990
816 992
810 992
800 994
786 994
774 996
760 998
744 998
730 998
714 998
698 998
684 996
670 994
656 994
644 994
634 992
624 992
616 992
610 992
604 992
602 992
604 992
606 992
610 992
616 992
624 992
634 994
644 994
656 994
670 994
684 996
700 998
716 998
730 998
746 996
760 996
774 996
786 994
798 994
808 992
816 990
822 990
826 990
828 990
828 990
826 990
822 990
818 990
810 992
800 994
788 996
776 996
762 996
746 998
732 998
718 998
702 998
686 996
672 996
658 994
646 994
636 994
626 992
616 992
610 992
606 992
604 992
604 992
606 992
610 992
616 992
622 992
632 994
644 994
656 994
668 996
682 996
698 996
712 998
728 998
742 996
758 996
772 996
784 994
796 992
806 992
814 990
820 990
824 990
826 990
828 990
826 990
822 990
818 992
812 992
802 994
790 994
778 996
764 996
750 998
734 998
720 998
704 998
688 996
674 996
660 994
648 994
638 994
628 992
618 992
612 992
606 992
604 992
604 992
606 992
608 992
614 992
622 992
632 994
642 994
654 994
666 994
680 996
694 996
710 998
726 998
740 998
756 996
770 996
782 994
794 994
804 992
814 992
820 990
824 990
826 990
828 990
826 990
824 990
818 990
812 992
804 994
792 994
780 996
766 996
752 998
738 998
722 998
706 998
692 996
676 996
664 994
650 994
640 992
630 992
620 992
614 992
608 992
606 992
604 992
606 992
608 992
614 992
620 992
630 992
640 994
652 994
664 994
678 996
692 996
708 996
722 998
738 998
752 996
766 996
780 994
792 992
802 992
812 992
818 990
824 990
826 990
828 990
826 990
824 990
820 990
814 992
806 994
794 994
782 996
768 996
754 998
740 998
724 998
710 998
694 998
680 996
666 994
652 994
642 994
632 992
622 992
614 992
610 992
606 992
604 990
606 992
608 992
614 992
620 992
628 994
640 994
650 994
662 996
676 996
690 998
706 998
720 998
736 998
750 996
764 996
778 996
790 994
800 992
810 992
818 992
822 990
826 990
826 990
826 990
824 990
820 992
814 992
806 994
794 994
782 996
770 996
756 998
742 998
726 998
712 998
696 998
682 996
668 994
656 994
644 994
634 992
624 992
616 992
610 992
606 992
606 992
606 992
608 992
612 992
620 992
628 994
638 994
648 994
660 996
674 996
688 996
702 998
718 998
734 998
748 996
762 996
774 994
788 994
798 992
808 992
816 990
820 990
824 990
826 990
826 990
824 990
820 992
814 992
806 994
796 994
784 996
772 996
758 998
744 998
728 998
714 998
698 998
684 996
670 996
658 994
646 994
636 992
626 992
618 992
612 992
608 992
606 992
606 992
608 992
612 992
618 992
626 992
636 994
646 994
658 994
672 996
686 996
700 996
716 998
730 998
744 996
760 996
772 996
784 994
796 992
806 992
814 992
820 992
824 990
826 990
826 990
824 990
820 990
816 992
808 994
798 994
786 996
774 996
760 996
746 998
732 998
718 998
702 998
686 996
672 996
660 994
648 994
638 992
628 992
620 992
614 992
608 992
606 992
606 992
608 992
612 992
618 992
626 992
636 994
646 994
658 994
670 994
684 996
698 996
714 996
728 998
742 996
758 996
772 996
784 994
794 992
804 992
812 992
818 990
822 990
824 990
826 990
824 990
820 990
816 992
810 992
800 994
788 994
776 996
762 996
748 996
734 998
720 996
704 996
690 996
676 994
662 994
650 992
640 992
630 992
622 990
614 990
610 990
608 990
606 992
608 992
612 992
618 990
624 992
634 992
644 994
656 994
668 994
682 994
696 996
712 996
726 996
740 996
756 996
768 996
782 994
792 992
804 992
812 992
818 990
822 990
824 990
824 990
824 990
822 990
816 990
810 992
802 994
790 994
778 996
764 996
750 996
736 998
722 998
706 996
692 996
678 994
664 994
652 992
642 992
632 992
622 992
616 990
610 990
608 990
608 990
608 990
612 990
616 990
624 992
632 992
642 992
654 994
666 994
680 994
694 996
708 996
724 996
738 996
752 996
766 994
778 994
790 992
800 990
810 990
816 990
820 990
824 990
824 990
824 990
820 990
816 990
812 992
802 992
790 994
778 994
766 996
752 996
738 996
724 996
708 996
694 996
680 994
666 994
654 992
642 992
634 992
624 990
616 990
612 990
608 990
608 990
608 990
610 990
616 990
622 990
630 992
640 992
652 992
664 994
676 994
690 994
706 996
720 996
734 996
750 996
764 994
776 994
788 992
798 992
808 990
814 990
820 990
822 990
824 990
824 990
820 990
816 990
812 992
804 992
792 994
780 994
768 996
754 996
740 996
726 996
712 996
696 996
682 994
668 994
656 992
644 992
634 990
626 990
618 990
612 990
608 990
608 990
608 990
610 990
614 990
620 992
628 992
640 992
650 992
662 994
674 994
688 994
704 996
718 996
732 996
746 994
760 994
774 994
786 992
796 992
806 990
812 990
818 990
822 990
822 990
822 990
820 990
816 990
812 992
804 992
794 994
782 994
770 996
756 996
742 996
728 996
714 996
698 996
684 994
670 994
658 992
646 992
636 992
628 990
620 990
614 990
610 990
608 990
608 990
610 990
614 990
620 990
628 992
638 992
648 992
660 994
672 994
686 994
700 996
716 996
730 996
744 996
758 996
772 994
784 992
794 992
804 990
812 990
818 988
822 988
822 988
822 988
820 988
818 988
812 990
806 992
796 992
784 994
772 994
758 996
744 996
730 996
716 996
702 996
686 994
672 994
660 992
648 992
638 992
628 990
620 990
614 990
610 990
608 990
608 990
610 990
614 990
620 990
628 992
636 992
646 992
658 992
670 994
684 994
698 994
714 996
728 996
742 996
756 994
770 994
782 994
792 992
802 990
810 990
816 990
820 990
822 988
822 988
820 988
818 990
812 990
806 992
796 992
784 994
772 994
760 996
746 996
732 996
718 996
702 996
688 996
674 994
660 992
650 992
638 992
630 992
622 990
616 990
610 990
608 990
608 990
610 990
612 990
618 990
626 992
634 992
644 992
656 992
668 994
682 994
696 996
710 996
726 996
740 996
754 996
768 994
780 994
790 992
800 990
808 990
814 988
818 988
822 988
822 988
820 988
818 988
814 990
806 990
798 992
786 992
774 994
762 994
748 996
734 996
720 996
706 996
690 996
676 994
664 994
652 992
640 992
632 992
622 990
616 990
612 990
608 990
608 990
610 990
612 990
618 990
624 990
634 992
644 992
654 992
666 992
680 994
694 994
708 996
724 996
738 996
752 994
766 994
778 994
790 992
800 990
808 990
814 988
818 988
822 988
822 988
822 988
818 988
814 990
808 990
800 992
788 992
776 994
764 994
750 996
736 996
722 996
708 996
694 996
678 994
666 992
654 992
642 992
632 990
624 990
616 988
612 988
610 990
608 990
608 990
612 990
616 988
624 988
632 988
642 990
652 990
664 990
678 992
