727 993
727 993
729 993
727 993
731 995
731 995
731 995
733 995
731 995
733 995
731 995
733 995
729 995
729 995
729 995
729 995
727 995
727 995
727 995
727 995
725 995
723 995
723 995
723 995
721 995
719 995
721 995
719 995
719 995
719 995
719 995
719 995
719 995
719 995
719 995
721 995
719 995
721 995
721 995
721 995
723 995
725 995
723 995
727 995
727 995
729 995
727 995
729 995
729 995
729 995
729 995
729 995
731 995
733 995
731 995
733 995
731 995
733 995
731 995
731 995
731 995
731 995
729 995
727 995
727 995
727 995
725 995
723 995
725 995
721 995
721 995
719 995
721 995
719 995
721 995
717 995
717 995
717 995
717 995
717 995
717 995
717 995
717 995
719 995
721 995
719 995
721 995
721 995
721 995
721 995
723 995
725 995
725 995
725 995
725 995
725 995
725 995
727 995
729 995
727 995
729 995
727 995
729 995
727 995
727 995
727 995
725 995
723 995
723 995
723 995
721 995
719 995
721 995
717 995
717 995
715 995
717 995
715 995
717 995
715 995
719 995
721 993
721 993
725 991
731 993
741 991
747 993
759 991
771 993
783 993
797 993
809 993
821 991
831 993
843 989
853 985
861 979
867 973
871 969
873 967
871 967
869 969
861 969
851 973
839 979
825 985
805 987
781 991
759 993
739 993
717 993
693 991
671 991
653 989
633 985
617 981
603 981
595 979
589 979
583 981
583 979
587 981
593 981
599 983
613 985
625 987
641 991
659 993
677 991
695 995
717 995
735 995
755 993
771 989
787 987
801 987
811 987
823 987
829 987
831 987
835 987
835 987
833 987
829 989
825 987
819 989
811 989
801 991
785 993
773 993
759 993
747 993
733 993
717 993
703 993
691 991
679 991
667 991
655 991
645 991
635 991
627 991
621 991
613 989
609 989
607 989
607 989
609 989
611 987
617 989
623 989
633 989
641 989
651 989
665 989
677 991
691 993
709 993
721 993
737 993
751 991
767 993
781 991
793 991
803 989
815 987
823 987
827 987
831 987
831 987
831 987
829 987
823 987
819 989
811 987
801 991
785 993
771 991
759 993
743 993
727 993
711 993
697 991
679 991
665 991
651 989
641 989
627 987
619 987
611 989
605 987
599 987
599 987
599 987
603 987
607 987
613 989
621 987
631 989
645 989
655 989
671 989
685 991
699 993
717 991
731 993
749 991
761 991
775 991
791 989
803 987
813 987
819 987
825 987
827 987
831 987
831 987
829 987
823 987
819 987
813 989
801 989
787 989
775 991
761 993
743 991
729 993
713 991
697 993
681 989
667 989
655 987
643 989
631 987
621 987
611 987
607 987
603 987
601 987
599 987
603 987
607 987
613 987
619 989
631 987
643 989
655 989
669 989
681 989
697 991
713 993
729 991
745 991
759 991
775 991
789 989
799 987
811 987
819 987
825 987
827 987
831 987
831 987
829 987
823 987
821 987
813 989
803 989
791 989
777 989
761 991
747 993
733 991
715 993
701 991
685 991
669 991
655 989
645 987
633 989
621 985
613 985
607 985
603 985
601 985
599 985
603 985
607 985
613 985
619 985
631 987
643 989
653 989
665 989
679 989
697 991
711 993
729 991
743 993
759 991
773 991
785 989
797 987
807 987
817 987
823 987
829 987
829 987
829 987
827 987
827 987
821 987
813 989
803 987
793 991
777 991
763 993
751 991
735 993
719 991
705 993
687 991
673 991
659 989
647 987
635 989
625 987
615 987
609 987
603 987
601 987
599 987
603 987
605 987
609 987
617 987
627 989
639 989
651 989
665 989
677 989
693 991
707 993
725 991
739 993
757 991
769 991
781 989
795 987
807 987
815 987
823 985
827 983
829 985
829 985
827 985
827 985
821 985
813 985
805 987
793 989
779 989
767 989
753 991
735 993
723 991
707 991
691 991
677 991
661 989
647 987
637 989
625 987
617 987
609 987
603 987
603 987
601 987
601 987
603 987
611 987
619 987
627 987
639 989
651 987
663 989
677 989
691 989
707 991
723 993
739 991
753 991
767 991
781 989
793 987
803 987
815 987
821 985
825 985
827 985
829 985
827 985
827 985
823 985
817 985
807 987
797 989
781 989
767 989
755 991
741 993
723 991
709 991
693 991
677 991
663 989
651 987
641 987
629 987
619 987
613 987
605 987
601 987
601 987
601 987
605 987
609 987
615 987
627 987
637 989
647 987
661 989
673 989
687 989
705 991
719 993
735 991
751 991
765 991
777 989
789 987
801 987
811 987
819 985
825 983
827 985
829 983
827 985
827 985
823 985
817 985
807 987
797 989
783 989
771 989
757 989
741 991
725 993
711 991
697 991
679 991
667 989
653 987
641 989
629 985
619 985
613 985
607 985
605 985
601 985
601 985
603 985
609 985
615 985
625 985
633 987
645 989
657 987
671 991
687 991
703 993
719 991
733 993
747 991
763 991
777 989
787 987
801 987
809 987
817 985
823 985
827 983
829 985
827 985
827 985
823 985
817 985
809 987
797 989
785 989
771 989
759 991
745 993
727 991
713 993
697 991
681 991
667 991
655 989
643 987
633 989
621 985
613 985
607 985
605 985
601 985
601 985
603 985
609 985
613 985
621 985
631 987
645 989
655 987
671 989
685 989
697 991
713 993
729 991
743 991
761 991
773 991
785 989
797 987
807 987
817 985
821 985
825 985
827 985
829 985
825 985
821 985
817 985
809 987
799 989
789 989
773 989
759 991
747 993
731 991
717 993
699 991
685 991
669 991
655 989
645 987
633 989
623 985
617 985
609 985
603 985
603 985
603 985
605 985
607 985
615 985
623 985
633 987
641 989
653 987
667 991
683 991
697 991
711 993
727 991
743 991
757 991
769 991
783 989
795 987
807 987
815 987
821 987
823 987
827 987
827 987
827 987
823 987
819 987
811 989
801 987
789 991
775 991
763 991
749 993
733 991
717 993
701 991
687 991
673 991
659 989
647 987
637 989
625 985
617 985
609 985
605 985
603 985
603 985
605 985
607 985
613 985
619 985
631 987
641 989
651 989
665 989
677 989
693 989
709 991
723 993
741 991
753 991
767 991
781 989
793 987
803 987
813 987
819 985
825 985
825 985
825 985
825 985
821 985
817 985
811 987
803 989
791 989
779 989
765 991
749 993
735 991
721 993
705 991
689 991
675 991
663 991
651 989
639 987
629 987
619 987
613 987
607 987
605 987
603 987
605 987
607 987
613 987
619 987
631 987
641 989
651 989
665 989
677 989
691 991
709 993
721 991
737 993
751 989
767 989
781 989
791 987
803 987
813 987
817 987
823 987
827 987
829 987
825 987
823 987
819 987
813 989
803 987
793 989
779 989
767 989
753 991
737 993
721 991
707 993
693 991
677 991
663 989
653 987
639 989
631 987
621 987
613 987
607 987
605 987
603 987
605 987
607 987
613 987
619 987
629 989
637 987
649 989
661 989
673 989
689 991
703 993
721 991
733 993
749 991
763 991
777 991
789 989
799 987
811 987
817 987
821 987
823 987
827 987
827 987
823 987
819 987
813 987
803 989
795 989
783 989
769 989
753 991
739 993
725 991
709 993
693 991
679 991
667 991
655 989
643 987
633 987
621 987
613 987
609 987
605 987
603 987
605 987
605 987
611 987
619 987
627 989
637 987
647 989
661 989
671 989
687 989
703 991
717 993
731 991
747 991
761 991
773 989
785 987
797 987
807 987
815 987
821 987
823 985
825 983
823 985
823 985
819 985
813 985
805 987
795 989
783 989
771 989
757 991
741 993
725 991
711 993
697 991
681 991
667 991
657 989
643 987
635 987
625 987
615 987
611 987
607 987
605 987
603 987
607 987
611 987
617 987
625 987
635 989
647 987
659 989
671 989
685 989
699 991
715 993
731 991
745 991
757 991
771 991
785 989
795 987
807 987
815 987
821 987
823 987
825 987
825 987
823 987
821 987
815 987
809 989
797 989
785 989
771 989
761 991
743 993
731 991
717 993
699 991
685 991
671 991
659 989
647 987
637 987
625 987
617 987
611 987
609 987
605 987
605 987
607 987
611 987
617 987
623 987
635 989
645 987
655 989
669 989
681 989
697 991
711 993
727 991
743 991
757 991
769 991
781 989
793 987
803 987
813 987
817 987
821 987
823 987
825 987
821 987
819 987
815 987
809 989
797 989
785 989
773 989
759 991
747 993
733 991
717 993
701 991
687 991
673 991
659 989
649 987
637 989
627 987
621 987
611 987
609 987
605 987
605 987
605 987
609 987
615 987
623 987
633 989
641 987
653 989
665 989
679 989
695 991
711 993
725 991
737 991
753 991
767 991
781 989
791 987
803 987
811 987
817 987
819 985
823 985
823 985
823 985
821 985
815 985
809 987
799 989
789 989
775 989
763 989
749 989
733 991
719 993
705 991
689 991
675 991
663 989
651 987
641 987
629 987
619 987
615 987
609 987
605 987
605 987
605 987
609 987
613 987
621 987
629 989
639 987
653 989
663 989
679 989
693 989
707 991
723 993
737 991
751 991
765 991
777 989
787 987
801 987
807 987
815 987
821 987
821 987
823 987
823 987
821 987
815 987
811 987
801 989
789 989
777 989
763 991
751 993
737 991
721 993
705 991
691 993
679 989
665 989
651 987
641 989
631 987
623 987
615 987
611 987
607 987
607 987
607 987
609 987
613 987
619 987
631 989
641 987
649 989
661 989
675 989
691 989
705 991
719 993
735 991
749 991
761 991
775 991
787 989
799 987
807 987
815 987
819 987
823 987
823 987
823 987
821 987
815 987
811 989
803 987
791 989
779 989
767 989
753 991
737 993
723 991
711 993
695 991
681 991
665 991
653 989
643 987
633 987
623 987
617 987
609 987
605 987
605 987
605 987
607 987
615 987
621 987
627 987
639 989
649 987
659 989
675 989
689 989
701 989
717 989
731 989
747 989
761 989
771 989
785 987
795 987
807 987
813 987
817 987
819 987
823 987
823 987
821 987
815 987
811 987
803 989
793 987
779 991
769 991
753 991
739 993
727 991
713 993
695 991
683 991
669 991
655 989
645 987
633 987
625 987
617 987
611 987
609 987
605 987
605 987
607 987
613 987
617 987
625 987
635 989
647 987
659 989
673 989
685 989
699 991
715 991
729 993
743 991
759 991
771 991
783 989
795 987
805 987
811 987
817 985
819 985
823 985
823 985
821 985
815 985
811 985
805 987
793 989
781 989
769 989
755 991
743 993
729 991
713 993
699 991
685 991
669 991
657 989
645 987
635 989
627 987
619 987
613 987
607 987
607 987
607 987
609 987
611 987
619 987
627 989
635 987
645 989
655 989
669 989
681 989
697 991
711 993
727 991
741 991
753 991
767 991
781 991
791 989
803 987
811 987
817 987
819 987
823 987
823 987
821 987
817 987
811 987
805 989
795 989
785 989
771 991
759 993
745 991
729 993
715 991
703 993
687 991
673 991
659 991
649 989
637 987
627 989
621 987
613 987
609 987
607 987
607 987
609 987
611 987
617 987
623 989
635 987
645 989
655 989
669 989
681 989
695 991
711 993
725 991
739 993
755 991
767 991
781 991
789 989
799 987
809 987
813 987
817 987
821 987
821 987
819 987
819 987
813 987
805 989
795 987
787 991
775 991
761 993
745 991
731 993
719 991
705 993
689 991
675 991
663 991
651 989
641 987
629 987
621 987
615 987
611 987
609 987
607 987
609 987
611 987
617 987
623 987
633 989
641 987
653 989
665 989
679 989
695 991
709 993
721 991
735 993
751 991
765 991
777 991
787 989
799 987
807 987
815 987
819 987
821 985
821 985
819 985
817 985
811 985
807 987
799 989
787 989
775 989
763 991
749 993
733 993
719 993
707 993
691 991
677 991
663 991
653 991
639 991
631 989
623 985
615 985
611 985
609 985
605 985
607 985
611 985
615 985
623 985
631 985
641 985
651 985
663 985
677 987
