728 994
728 994
730 994
730 994
732 996
732 996
732 994
734 994
734 994
734 994
734 994
734 994
732 994
732 994
732 994
730 994
730 994
728 994
728 994
728 994
726 994
726 994
724 994
724 994
722 994
722 994
722 994
722 994
720 994
720 994
720 994
720 994
720 994
720 994
720 994
722 994
722 994
722 994
724 994
724 994
724 994
726 994
726 994
728 994
728 994
728 994
730 994
730 994
732 994
732 994
732 994
732 994
734 994
734 994
734 994
734 994
734 994
734 994
732 994
732 994
732 994
732 994
730 994
730 994
728 994
728 994
726 994
726 994
726 994
724 994
724 994
722 994
722 994
722 994
722 994
720 994
720 994
720 994
720 994
720 994
720 994
720 994
720 994
720 994
722 994
722 994
722 994
724 994
724 994
724 994
726 994
726 994
726 994
728 994
728 994
728 994
728 994
730 994
730 994
730 994
730 994
730 994
730 994
728 994
728 994
728 994
726 994
726 994
724 994
724 994
722 994
722 994
722 994
720 994
720 994
718 994
718 994
716 994
718 994
718 994
720 994
722 992
724 992
728 992
734 992
742 992
750 992
760 992
772 992
784 992
798 994
812 994
824 992
834 992
844 990
854 986
864 980
870 974
872 970
874 968
874 968
870 968
864 970
854 974
840 980
826 984
808 988
784 990
762 992
740 994
718 994
696 992
674 990
654 988
636 984
620 982
606 982
596 978
590 978
586 980
584 980
588 980
594 982
602 984
614 984
628 986
644 990
662 992
680 992
698 994
718 994
736 992
756 990
772 990
788 988
802 988
814 986
824 986
830 986
834 986
836 986
836 986
834 986
832 988
828 988
822 988
812 990
802 992
788 992
776 994
762 994
748 994
734 994
720 994
706 992
694 992
680 990
668 990
656 990
646 990
638 990
630 990
622 990
616 988
612 988
610 988
610 988
610 988
614 988
618 988
626 988
634 990
644 990
654 990
666 990
680 992
694 992
710 992
724 992
740 992
754 992
768 992
782 990
794 988
806 988
816 988
824 986
828 986
832 986
832 986
832 986
830 986
826 986
820 986
812 988
802 990
788 990
774 992
760 992
744 992
728 992
712 992
698 992
682 990
666 990
654 988
642 988
630 988
620 986
612 986
606 986
602 986
600 986
600 986
604 986
608 986
614 986
622 986
634 988
646 988
658 988
672 990
686 990
702 992
718 992
734 992
750 990
764 990
778 988
792 988
804 986
814 986
822 986
828 986
830 986
832 986
832 986
830 986
826 986
820 986
814 988
802 988
790 990
776 990
762 992
746 992
730 992
716 992
700 992
684 990
670 990
656 988
644 988
632 986
622 986
614 986
608 986
604 986
602 986
602 986
604 986
608 986
614 986
622 988
632 988
644 988
656 988
670 990
684 990
700 992
716 992
732 992
748 992
762 990
776 990
790 988
802 988
812 986
820 986
826 986
830 986
832 986
832 986
830 986
826 986
822 986
814 988
804 988
792 990
778 990
764 992
750 992
734 992
718 992
702 992
686 992
672 990
658 988
646 988
634 988
624 986
616 986
610 986
604 986
602 986
602 986
604 986
608 986
614 986
622 986
632 988
642 988
654 988
668 990
682 990
698 992
714 992
730 992
744 992
760 990
774 990
786 988
800 988
810 988
818 986
824 986
828 986
830 986
830 986
830 986
826 986
822 986
816 988
806 988
794 990
780 990
766 992
752 992
736 992
720 992
704 992
690 992
674 990
660 990
648 988
636 988
626 988
618 986
610 986
606 986
602 986
602 986
604 986
606 986
612 986
620 986
630 988
640 988
652 988
666 990
680 990
694 992
710 992
726 992
742 992
756 990
772 990
784 988
796 988
808 986
816 986
824 984
828 984
830 984
830 984
830 984
826 984
822 984
816 986
806 988
794 988
782 990
768 990
754 992
738 992
722 992
708 992
692 992
676 990
662 990
650 988
638 988
628 988
618 986
612 986
606 986
602 986
602 986
602 986
606 986
612 986
618 986
628 988
638 988
650 988
664 990
678 990
692 990
708 992
724 992
738 992
754 990
768 990
782 988
794 988
806 986
814 986
822 984
826 984
830 984
830 984
830 984
826 984
822 984
816 986
808 986
796 988
784 990
770 990
756 992
740 992
724 992
710 992
694 992
678 990
664 988
652 988
640 988
630 988
620 986
612 986
606 986
604 986
602 986
602 986
606 986
610 986
618 986
626 986
636 988
648 988
660 990
674 990
690 990
704 992
720 992
736 992
750 990
766 990
778 990
792 988
802 986
812 986
820 984
824 984
828 984
830 984
828 984
826 984
822 984
816 986
808 986
798 988
784 988
772 990
758 990
742 992
728 992
712 992
696 990
680 990
666 988
654 988
642 988
632 986
622 986
614 986
608 986
604 986
602 986
602 986
606 986
610 986
616 986
624 986
636 988
646 988
658 988
672 990
688 990
702 992
718 992
732 992
748 992
762 990
776 988
788 988
800 986
810 986
818 984
824 984
826 984
828 984
828 984
826 984
822 984
816 986
808 986
798 988
786 988
772 990
760 990
744 992
728 992
714 992
698 992
682 990
668 988
654 988
644 988
632 988
622 986
614 986
608 986
604 986
602 986
602 986
604 986
608 986
614 986
624 986
634 988
644 988
656 988
670 990
684 990
700 992
714 992
730 992
744 990
760 990
774 990
786 988
798 988
808 986
816 984
822 984
826 984
828 984
828 984
826 984
822 984
818 986
810 986
800 988
788 988
774 990
760 990
746 990
730 992
716 992
700 992
686 990
670 990
656 988
644 988
634 988
624 986
616 986
610 986
604 986
602 986
602 986
604 986
608 986
614 986
622 986
632 988
642 988
654 988
668 990
682 990
696 990
712 992
728 992
742 990
758 990
770 990
784 988
796 986
806 986
814 986
820 984
824 984
826 984
826 984
826 984
822 984
818 986
810 986
802 988
790 988
776 990
762 990
748 990
734 992
718 992
702 992
688 990
674 990
660 988
648 988
636 988
626 986
618 986
610 986
606 986
604 986
604 986
604 986
608 986
614 986
620 986
630 988
640 988
652 988
666 988
680 990
694 990
710 992
724 992
740 992
754 990
768 990
782 988
794 988
804 986
812 986
820 984
824 984
826 984
826 984
826 984
822 984
818 984
812 986
802 988
790 988
778 990
764 990
750 990
736 992
720 992
706 992
690 990
676 990
662 988
650 988
638 986
628 986
620 986
612 986
608 986
604 986
604 986
604 986
608 986
612 986
620 986
630 986
640 988
652 988
664 988
678 990
692 990
708 990
722 992
738 992
752 990
766 990
780 988
792 988
802 986
812 986
818 984
824 984
826 984
828 984
826 984
824 984
820 984
814 986
804 986
794 988
780 988
768 990
754 990
738 990
724 990
708 990
694 990
678 988
664 988
652 988
642 986
630 986
622 986
614 984
608 984
606 984
604 984
606 984
608 984
612 984
620 984
628 986
638 986
650 986
662 988
676 988
690 990
706 990
720 990
736 990
750 990
764 988
778 988
790 986
800 986
810 984
818 984
822 984
826 984
826 984
826 984
824 984
820 984
814 984
806 986
794 986
782 988
770 988
756 990
742 990
726 990
712 990
696 990
682 988
668 988
656 986
644 986
634 986
624 984
616 984
610 984
606 984
606 984
606 984
608 984
612 984
620 984
628 986
638 986
648 986
660 988
674 988
688 988
704 990
718 990
734 990
748 988
762 988
776 988
788 986
800 986
808 984
816 984
822 984
824 982
826 982
826 982
824 982
820 984
814 984
806 986
796 986
784 988
772 988
758 990
744 990
728 990
714 990
698 990
684 988
670 988
658 986
646 986
636 986
626 984
618 984
612 984
608 984
606 984
606 984
608 984
612 984
618 984
626 984
636 986
648 986
658 986
672 988
686 988
700 988
716 990
730 990
744 988
760 988
772 988
786 986
796 986
806 986
814 984
820 984
824 984
826 984
826 984
824 984
820 984
816 984
808 986
798 986
786 988
774 988
760 990
746 990
732 990
716 990
702 990
686 988
672 988
660 986
648 986
638 986
628 984
620 984
612 984
608 984
606 984
606 984
608 984
612 984
618 984
626 984
636 986
646 986
658 986
670 986
684 988
698 988
714 990
728 990
744 988
758 988
772 988
784 986
794 984
804 984
814 984
820 982
824 982
826 982
826 982
824 982
822 982
816 984
810 984
800 986
788 986
776 988
762 988
748 988
734 990
720 988
704 988
690 988
676 986
662 986
650 984
640 984
630 984
622 982
614 982
610 982
608 982
608 984
608 984
612 984
618 982
626 984
634 984
644 986
656 986
668 986
682 986
696 988
712 988
726 988
740 988
756 988
770 988
782 986
794 984
804 984
812 984
818 982
822 982
824 982
824 982
824 982
822 982
816 982
810 984
802 986
790 986
778 988
764 988
750 988
736 988
722 988
706 988
692 988
678 986
664 986
652 984
642 984
632 984
622 984
616 982
610 982
608 982
608 982
608 982
612 982
616 982
624 984
632 984
642 984
654 986
666 986
680 986
694 988
710 988
724 988
738 988
754 988
766 986
780 986
790 984
802 984
810 984
816 982
822 982
824 982
824 982
824 982
822 982
818 982
812 984
802 984
792 986
780 986
766 988
752 988
738 988
724 988
708 988
694 988
680 986
666 986
654 984
644 984
634 984
624 982
616 982
612 982
608 982
608 982
608 982
612 982
616 982
622 982
632 984
642 984
652 984
664 986
678 986
692 986
706 988
722 988
736 988
750 988
764 986
778 986
788 984
800 984
808 984
816 982
820 982
824 982
824 982
824 982
822 982
818 982
812 984
804 984
792 986
780 986
768 986
754 988
740 988
726 988
712 988
696 988
682 986
668 986
656 984
646 984
636 982
626 982
618 982
612 982
608 982
608 982
608 982
610 982
616 982
622 982
630 982
640 984
650 984
662 986
676 986
690 986
704 988
720 988
734 988
748 986
762 986
774 986
786 984
798 984
808 984
814 982
820 982
822 982
824 982
824 982
822 982
818 982
812 984
804 984
794 984
782 986
770 986
756 988
742 988
728 988
714 988
698 988
684 986
670 986
658 984
646 984
636 984
628 982
620 982
614 982
610 982
608 982
608 982
610 982
614 982
620 982
628 984
638 984
648 984
660 986
674 986
688 986
702 988
716 988
730 988
746 988
760 988
772 986
784 984
794 984
806 984
812 982
818 982
822 982
824 982
824 982
822 982
818 982
812 984
806 984
796 986
784 986
772 986
758 988
744 988
730 988
716 988
702 988
686 986
672 986
660 984
648 984
638 984
628 984
620 982
614 982
610 982
608 982
608 982
610 982
614 982
620 982
628 984
636 984
648 984
658 986
672 986
684 986
700 988
714 988
728 988
742 988
756 988
770 986
782 986
792 984
802 984
810 982
816 982
820 982
822 982
822 982
822 982
818 982
814 984
806 984
796 986
784 986
772 988
760 988
746 988
732 988
718 988
702 988
688 988
674 986
662 986
650 986
640 986
630 984
622 984
616 984
612 984
608 984
608 984
610 984
614 984
618 984
626 984
636 986
646 986
656 986
670 986
682 988
696 988
712 988
726 988
740 988
754 988
768 988
780 986
792 984
802 984
810 984
816 982
820 982
822 982
822 982
822 982
818 982
814 984
806 984
798 986
786 986
774 988
762 988
748 988
734 990
720 990
706 990
690 988
676 988
664 986
652 986
642 986
632 984
622 984
616 984
612 984
610 984
608 984
610 984
612 984
618 984
624 984
634 986
644 986
654 986
666 986
680 988
694 988
708 988
724 990
738 988
752 988
766 988
778 986
790 986
800 984
808 984
814 982
818 982
822 982
822 982
822 982
818 982
814 984
808 984
800 986
788 986
776 988
764 988
750 990
736 990
722 990
708 990
692 988
678 988
666 986
654 986
642 986
632 984
624 982
616 982
612 982
608 982
608 982
608 982
612 982
616 982
624 982
632 982
642 984
652 982
664 984
678 984
