727 993
727 993
729 993
727 993
731 995
731 993
731 993
733 993
731 993
733 993
731 993
733 993
729 993
729 993
729 993
729 993
727 993
727 993
727 993
727 993
725 993
723 993
723 993
723 993
721 993
719 993
721 993
719 993
719 993
719 993
719 993
719 993
719 993
719 993
719 993
721 993
719 993
721 993
721 993
721 993
723 993
725 993
723 993
727 993
727 993
729 993
727 993
729 993
729 993
729 993
729 993
729 993
731 993
733 993
731 993
733 993
731 993
733 993
731 993
731 993
731 993
731 993
729 993
727 993
727 993
727 993
725 993
723 993
725 993
721 993
721 993
719 993
721 993
719 993
721 993
717 993
717 993
717 993
717 993
717 993
717 993
717 993
717 993
719 993
721 993
719 993
721 993
721 993
721 993
721 993
723 993
725 993
725 993
725 993
725 993
725 993
725 993
727 993
729 993
727 993
729 993
727 993
729 993
727 993
727 993
727 993
725 993
723 993
723 993
723 993
721 993
719 993
721 993
717 993
717 993
715 993
717 993
715 993
717 993
715 993
719 993
721 991
721 989
725 991
731 989
741 991
747 989
759 991
771 991
783 991
797 991
809 991
821 989
831 991
841 987
849 983
861 973
867 967
871 963
873 963
871 963
869 963
861 965
853 969
839 975
823 981
807 987
783 989
761 991
737 991
715 991
695 989
673 987
651 983
635 981
619 979
605 977
593 977
587 977
585 977
583 977
587 977
593 979
599 979
613 981
625 985
641 987
659 987
677 989
695 991
717 991
733 989
751 989
771 987
787 985
801 985
811 985
821 983
827 983
833 981
833 983
833 983
831 983
831 983
825 985
817 987
809 987
799 989
787 991
775 991
761 991
745 991
731 991
719 991
705 989
691 991
679 987
667 987
655 987
645 987
635 987
627 987
621 985
613 987
609 985
607 987
607 985
609 987
611 985
617 987
623 985
633 987
641 987
651 987
665 987
677 989
691 991
707 989
723 991
737 991
751 989
767 991
781 989
791 987
805 985
813 985
819 985
827 985
829 985
829 985
829 985
827 985
825 985
817 985
809 987
799 987
787 989
773 991
757 991
741 991
725 991
709 989
695 991
681 987
665 987
651 985
641 987
627 985
619 985
611 985
605 985
599 985
599 985
599 985
603 985
607 985
613 985
621 987
631 985
645 987
655 987
671 987
685 987
699 989
717 991
731 989
747 989
763 989
777 989
789 987
801 985
811 985
819 985
825 985
827 985
831 985
831 985
829 985
823 985
819 985
813 987
801 987
787 987
775 989
761 991
743 989
729 991
713 989
697 991
681 987
667 987
655 985
643 987
631 985
621 985
611 985
607 985
603 985
601 985
599 985
603 985
607 985
613 985
619 985
631 987
643 987
655 987
669 987
681 987
697 989
713 991
729 989
745 991
759 987
775 987
789 985
799 987
811 983
819 983
825 983
827 983
831 983
831 983
829 983
823 983
821 983
813 985
803 987
791 987
777 987
761 989
747 991
733 989
717 991
701 989
685 989
671 989
657 987
645 985
633 987
623 983
615 983
609 983
603 983
601 983
599 983
603 983
607 983
613 983
619 983
631 985
643 987
655 987
667 987
681 987
695 989
713 991
727 989
743 991
759 989
773 989
785 987
797 985
807 985
817 985
823 985
829 985
829 985
829 985
827 985
827 985
821 985
813 987
803 985
793 989
779 989
767 991
751 989
737 991
719 989
705 991
687 989
675 989
661 987
647 985
637 987
625 985
615 985
611 985
605 985
601 985
601 985
601 985
605 985
611 985
619 985
629 987
639 987
653 987
663 987
679 987
695 989
711 991
727 989
741 991
755 989
771 989
785 989
795 987
807 985
817 985
821 985
825 985
827 985
831 985
829 985
825 985
821 985
815 987
807 985
795 989
781 989
767 991
753 989
737 991
721 989
705 991
691 989
677 989
661 989
649 987
637 985
627 987
619 985
611 985
607 985
603 985
601 985
601 985
605 985
609 985
617 985
627 987
639 985
651 987
663 987
677 987
691 989
707 991
723 989
739 991
753 989
767 989
781 989
793 987
803 985
815 985
821 983
825 983
827 983
829 983
827 983
827 983
823 983
817 983
807 985
797 987
783 987
771 989
757 991
739 989
725 991
709 989
693 991
677 987
663 987
653 985
639 987
631 985
621 985
611 985
607 985
605 985
601 985
601 985
605 985
609 985
617 985
625 985
635 987
649 985
659 987
675 987
689 987
703 989
721 991
735 989
751 989
765 989
777 989
789 987
801 985
811 985
819 983
825 983
827 983
829 983
827 983
827 983
823 983
817 983
807 985
797 987
783 987
771 987
757 989
741 991
725 989
711 991
697 989
679 989
667 987
655 985
643 987
631 985
621 985
613 985
607 985
605 985
601 985
601 985
603 985
609 985
615 985
625 985
633 987
645 985
657 987
671 987
687 987
703 989
719 991
733 989
747 989
763 989
777 987
787 985
801 985
809 985
817 983
823 983
827 981
829 983
827 983
827 983
823 983
817 983
809 985
799 987
787 987
773 987
759 989
745 991
729 989
713 991
697 989
683 989
669 987
655 985
645 985
633 985
623 985
617 985
609 985
603 985
603 985
603 985
605 985
609 985
615 985
625 985
633 985
643 987
657 985
669 987
683 987
701 989
715 991
731 989
747 989
761 989
773 989
785 987
797 985
807 985
817 983
821 981
825 983
827 981
829 983
825 981
821 983
817 983
809 983
799 985
789 987
775 987
763 987
747 987
733 989
715 989
701 989
685 989
671 987
659 985
647 985
635 985
625 985
615 985
611 985
607 985
605 985
603 985
607 983
611 983
615 983
623 983
633 983
643 985
655 987
669 987
681 987
697 987
711 989
729 991
741 987
757 987
771 987
785 985
795 985
807 985
815 983
821 981
823 983
827 981
827 983
827 981
823 983
819 983
811 983
803 985
791 987
777 987
763 987
749 987
733 989
717 989
703 989
689 989
673 987
659 985
649 985
637 985
627 983
619 981
613 983
605 981
603 983
605 981
605 983
607 981
615 983
623 981
633 985
641 985
653 987
665 985
679 987
695 987
711 987
727 987
741 987
755 987
771 985
783 987
795 983
805 983
813 981
819 981
825 981
825 981
827 981
827 981
823 981
819 983
813 983
803 983
793 985
779 987
767 987
753 987
735 987
723 987
707 987
693 987
675 985
663 985
651 985
641 983
629 981
619 983
613 981
607 983
607 981
605 983
605 981
607 983
615 981
621 983
629 981
639 985
653 985
663 987
679 985
693 987
707 987
723 987
739 987
753 985
765 987
779 985
793 985
803 983
813 981
817 981
823 981
827 981
827 981
827 981
825 981
819 981
815 983
807 983
795 983
783 985
769 987
753 987
739 987
725 987
709 987
693 987
679 985
667 985
653 985
641 985
631 983
623 981
615 983
611 981
607 983
605 981
605 983
607 981
615 983
621 981
629 983
639 983
651 983
663 985
677 987
689 987
705 987
719 987
737 987
749 987
763 985
779 985
791 985
801 983
809 981
817 981
821 981
825 981
825 981
825 981
823 981
821 981
813 983
805 983
795 983
783 985
771 987
757 987
741 987
725 987
711 987
697 987
681 985
667 985
657 985
643 985
635 983
625 981
615 983
611 981
607 983
607 981
607 983
609 981
613 983
619 981
629 983
637 983
647 983
661 983
673 985
687 987
703 987
719 987
735 987
749 985
761 987
775 985
789 985
799 983
809 981
815 981
821 981
823 981
827 981
827 981
825 981
819 981
815 983
809 983
797 983
783 985
773 987
757 987
743 987
729 987
713 987
699 987
685 985
669 985
657 985
645 983
635 981
627 983
619 981
613 983
607 981
607 983
607 981
609 983
611 981
619 983
627 981
637 985
647 985
659 985
673 985
685 987
699 985
717 987
729 987
743 985
761 987
773 985
785 985
795 983
807 981
815 981
821 981
823 981
827 981
827 981
825 981
819 981
817 983
807 981
799 985
787 985
775 987
761 985
745 987
731 987
717 985
701 987
685 985
671 985
661 985
647 983
639 981
629 981
619 981
613 981
607 981
607 981
607 981
609 983
611 981
619 981
627 983
637 981
645 983
657 983
669 983
683 983
699 985
715 987
729 985
743 987
759 985
771 985
785 985
793 983
803 981
813 981
817 981
821 981
823 981
825 981
823 981
821 981
815 983
809 981
799 985
789 985
775 987
763 985
749 987
733 987
719 985
705 987
689 985
675 985
663 985
651 983
641 981
629 983
621 979
613 979
609 979
607 979
607 981
609 981
611 981
617 981
623 981
635 983
645 983
655 983
669 983
681 983
695 985
713 987
725 985
739 987
755 985
769 985
781 985
791 983
803 981
813 981
817 981
821 981
823 981
825 981
823 981
821 981
815 981
811 983
801 983
789 983
775 985
765 987
749 985
735 987
721 985
705 987
691 985
677 985
663 985
653 983
641 981
631 983
623 981
617 981
609 981
607 981
607 981
609 981
611 981
617 981
623 981
633 983
641 981
653 983
665 983
679 983
695 985
709 987
723 985
739 987
753 985
765 985
777 985
789 983
801 981
809 981
815 981
821 981
823 981
825 981
823 981
821 981
815 981
811 983
803 981
791 985
779 985
767 987
753 985
737 987
723 985
709 987
693 985
679 985
667 985
655 983
643 981
635 981
625 981
615 981
613 981
607 981
607 981
609 981
609 981
615 981
623 981
631 983
641 981
651 983
665 983
677 983
691 983
707 985
721 987
735 985
751 985
765 985
775 985
789 983
799 981
809 981
815 981
821 981
823 981
825 981
823 981
821 981
817 981
811 983
805 981
791 983
781 983
767 983
755 985
741 987
725 985
711 987
697 985
681 985
667 983
657 981
645 983
635 979
627 979
619 979
613 979
609 979
607 979
609 979
611 979
617 979
621 979
629 979
639 981
651 983
663 983
677 983
689 983
703 983
719 985
735 987
749 985
761 985
773 985
785 983
797 981
807 981
815 981
819 981
823 981
825 981
823 981
823 981
819 981
813 983
805 981
793 983
781 983
769 985
755 987
743 985
729 987
713 985
697 987
683 983
671 983
659 981
647 983
637 981
627 981
621 981
613 981
609 981
607 981
609 981
609 981
613 981
619 981
629 983
637 981
647 983
661 983
673 983
687 983
703 985
717 987
729 985
743 985
759 985
773 985
783 983
795 981
805 981
811 981
819 979
823 979
823 979
823 979
821 979
817 979
811 979
805 981
795 983
785 983
771 983
759 985
745 987
729 985
715 987
701 985
685 985
671 985
661 983
647 981
639 983
629 981
619 981
615 981
611 981
609 981
607 981
611 981
615 981
621 981
627 983
637 981
647 983
659 983
671 983
685 983
699 985
715 987
729 985
741 987
755 985
771 985
783 985
793 983
803 981
811 981
817 981
819 981
823 981
823 981
821 981
817 981
813 983
805 981
795 985
785 985
771 987
761 985
745 987
731 987
717 987
701 985
687 987
675 983
661 983
649 983
637 983
629 981
621 981
615 981
611 981
609 981
607 981
611 981
613 981
617 981
625 983
633 981
645 983
655 983
669 983
681 983
695 985
711 987
727 985
741 987
753 985
767 985
781 985
789 983
799 981
809 981
815 981
821 981
821 981
821 981
819 981
819 981
815 981
807 983
799 983
787 983
775 985
763 987
749 985
733 987
719 985
705 987
689 985
675 985
663 985
653 983
639 981
631 981
623 981
617 981
611 981
609 981
607 981
609 981
611 981
619 981
625 981
633 983
643 981
655 983
667 983
681 983
693 983
707 985
723 987
737 985
749 985
763 985
777 985
787 983
799 981
807 981
813 981
817 979
819 977
821 979
819 979
817 979
811 979
807 981
799 983
787 983
775 983
763 985
749 987
733 987
719 987
707 987
693 985
677 985
663 985
653 985
641 983
631 981
623 981
617 979
609 979
607 979
607 979
609 979
609 979
613 977
621 979
629 979
639 979
653 979
663 979
677 981
